PROJ4_STRING : +proj=longlat +datum=WGS84 +no_defs
 <beginpolygon>
  -8.85000000000000        40.1300000000000     
  -8.83000000000000        40.1500000000000     
  -8.83000000000000        40.1700000000000     
  -8.81000000000000        40.1900000000000     
  -8.81000000000000        40.2100000000000     
  -8.81000000000000        40.2300000000000     
  -8.81000000000000        40.2500000000000     
  -8.79000000000000        40.2700000000000     
  -8.77000000000000        40.2700000000000     
  -8.77000000000000        40.2900000000000     
  -8.75000000000000        40.3100000000000     
  -8.73000000000000        40.3100000000000     
  -8.71000000000000        40.3100000000000     
  -8.69000000000000        40.2900000000000     
  -8.67000000000000        40.2700000000000     
  -8.65000000000000        40.2700000000000     
  -8.63000000000000        40.2700000000000     
  -8.61000000000000        40.2900000000000     
  -8.59000000000000        40.2900000000000     
  -8.57000000000000        40.2900000000000     
  -8.57000000000000        40.3100000000000     
  -8.55000000000000        40.3300000000000     
  -8.53000000000000        40.3300000000000     
  -8.51000000000000        40.3500000000000     
  -8.49000000000000        40.3500000000000     
  -8.47000000000000        40.3500000000000     
  -8.45000000000000        40.3300000000000     
  -8.43000000000000        40.3100000000000     
  -8.41000000000000        40.3300000000000     
  -8.39000000000000        40.3300000000000     
  -8.37000000000000        40.3300000000000     
  -8.35000000000000        40.3500000000000     
  -8.33000000000000        40.3500000000000     
  -8.33000000000000        40.3700000000000     
  -8.33000000000000        40.3900000000000     
  -8.33000000000000        40.4100000000000     
  -8.33000000000000        40.4300000000000     
  -8.33000000000000        40.4500000000000     
  -8.31000000000000        40.4700000000000     
  -8.31000000000000        40.4900000000000     
  -8.29000000000000        40.5100000000000     
  -8.27000000000000        40.4900000000000     
  -8.25000000000000        40.5100000000000     
  -8.23000000000000        40.5100000000000     
  -8.23000000000000        40.5300000000000     
  -8.21000000000000        40.5500000000000     
  -8.19000000000000        40.5700000000000     
  -8.17000000000000        40.5900000000000     
  -8.15000000000000        40.6100000000000     
  -8.13000000000000        40.6300000000000     
  -8.11000000000000        40.6500000000000     
  -8.09000000000000        40.6500000000000     
  -8.07000000000000        40.6500000000000     
  -8.05000000000000        40.6500000000000     
  -8.03000000000000        40.6500000000000     
  -8.03000000000000        40.6700000000000     
  -8.01000000000000        40.6900000000000     
  -7.99000000000000        40.7100000000000     
  -7.97000000000000        40.7100000000000     
  -7.95000000000000        40.6900000000000     
  -7.93000000000000        40.7100000000000     
  -7.91000000000000        40.7100000000000     
  -7.89000000000000        40.7300000000000     
  -7.87000000000000        40.7300000000000     
  -7.85000000000000        40.7100000000000     
  -7.83000000000000        40.7100000000000     
  -7.81000000000000        40.7300000000000     
  -7.79000000000000        40.7500000000000     
  -7.77000000000000        40.7700000000000     
  -7.75000000000000        40.7700000000000     
  -7.73000000000000        40.7700000000000     
  -7.71000000000000        40.7700000000000     
  -7.69000000000000        40.7700000000000     
  -7.67000000000000        40.7700000000000     
  -7.65000000000000        40.7700000000000     
  -7.65000000000000        40.7900000000000     
  -7.67000000000000        40.8100000000000     
  -7.67000000000000        40.8300000000000     
  -7.65000000000000        40.8500000000000     
  -7.63000000000000        40.8700000000000     
  -7.61000000000000        40.8700000000000     
  -7.59000000000000        40.8700000000000     
  -7.57000000000000        40.8700000000000     
  -7.57000000000000        40.8500000000000     
  -7.55000000000000        40.8300000000000     
  -7.53000000000000        40.8300000000000     
  -7.51000000000000        40.8300000000000     
  -7.51000000000000        40.8100000000000     
  -7.49000000000000        40.7900000000000     
  -7.47000000000000        40.7900000000000     
  -7.45000000000000        40.7900000000000     
  -7.43000000000000        40.7700000000000     
  -7.41000000000000        40.7700000000000     
  -7.39000000000000        40.7700000000000     
  -7.37000000000000        40.7500000000000     
  -7.35000000000000        40.7700000000000     
  -7.33000000000000        40.7700000000000     
  -7.31000000000000        40.7700000000000     
  -7.29000000000000        40.7700000000000     
  -7.27000000000000        40.7500000000000     
  -7.25000000000000        40.7300000000000     
  -7.25000000000000        40.7100000000000     
  -7.25000000000000        40.6900000000000     
  -7.25000000000000        40.6700000000000     
  -7.25000000000000        40.6500000000000     
  -7.25000000000000        40.6300000000000     
  -7.23000000000000        40.6100000000000     
  -7.23000000000000        40.5900000000000     
  -7.23000000000000        40.5700000000000     
  -7.25000000000000        40.5500000000000     
  -7.27000000000000        40.5300000000000     
  -7.29000000000000        40.5100000000000     
  -7.29000000000000        40.4900000000000     
  -7.31000000000000        40.4900000000000     
  -7.33000000000000        40.4900000000000     
  -7.35000000000000        40.4700000000000     
  -7.37000000000000        40.4700000000000     
  -7.39000000000000        40.4700000000000     
  -7.41000000000000        40.4500000000000     
  -7.43000000000000        40.4500000000000     
  -7.45000000000000        40.4500000000000     
  -7.47000000000000        40.4500000000000     
  -7.49000000000000        40.4500000000000     
  -7.51000000000000        40.4300000000000     
  -7.53000000000000        40.4300000000000     
  -7.53000000000000        40.4500000000000     
  -7.55000000000000        40.4500000000000     
  -7.57000000000000        40.4300000000000     
  -7.59000000000000        40.4100000000000     
  -7.59000000000000        40.3900000000000     
  -7.59000000000000        40.3700000000000     
  -7.59000000000000        40.3500000000000     
  -7.61000000000000        40.3500000000000     
  -7.61000000000000        40.3300000000000     
  -7.61000000000000        40.3100000000000     
  -7.63000000000000        40.2900000000000     
  -7.65000000000000        40.2700000000000     
  -7.67000000000000        40.2700000000000     
  -7.69000000000000        40.2700000000000     
  -7.71000000000000        40.2500000000000     
  -7.71000000000000        40.2300000000000     
  -7.73000000000000        40.2300000000000     
  -7.75000000000000        40.2300000000000     
  -7.77000000000000        40.2300000000000     
  -7.79000000000000        40.2100000000000     
  -7.81000000000000        40.1900000000000     
  -7.81000000000000        40.1700000000000     
  -7.83000000000000        40.1500000000000     
  -7.83000000000000        40.1300000000000     
  -7.85000000000000        40.1300000000000     
  -7.87000000000000        40.1300000000000     
  -7.89000000000000        40.1300000000000     
  -7.91000000000000        40.1100000000000     
  -7.93000000000000        40.1100000000000     
  -7.95000000000000        40.0900000000000     
  -7.97000000000000        40.0900000000000     
  -7.99000000000000        40.1100000000000     
  -8.01000000000000        40.1100000000000     
  -8.03000000000000        40.1100000000000     
  -8.05000000000000        40.0900000000000     
  -8.07000000000000        40.0900000000000     
  -8.09000000000000        40.0900000000000     
  -8.11000000000000        40.0900000000000     
  -8.13000000000000        40.0900000000000     
  -8.15000000000000        40.0700000000000     
  -8.17000000000000        40.0700000000000     
  -8.19000000000000        40.0500000000000     
  -8.21000000000000        40.0500000000000     
  -8.23000000000000        40.0500000000000     
  -8.25000000000000        40.0500000000000     
  -8.27000000000000        40.0300000000000     
  -8.29000000000000        40.0100000000000     
  -8.31000000000000        39.9900000000000     
  -8.31000000000000        39.9700000000000     
  -8.33000000000000        39.9500000000000     
  -8.35000000000000        39.9500000000000     
  -8.37000000000000        39.9500000000000     
  -8.39000000000000        39.9500000000000     
  -8.41000000000000        39.9700000000000     
  -8.43000000000000        39.9700000000000     
  -8.45000000000000        39.9700000000000     
  -8.47000000000000        39.9700000000000     
  -8.49000000000000        39.9700000000000     
  -8.51000000000000        39.9500000000000     
  -8.53000000000000        39.9300000000000     
  -8.53000000000000        39.9100000000000     
  -8.53000000000000        39.8900000000000     
  -8.53000000000000        39.8700000000000     
  -8.53000000000000        39.8500000000000     
  -8.53000000000000        39.8300000000000     
  -8.53000000000000        39.8100000000000     
  -8.55000000000000        39.8100000000000     
  -8.57000000000000        39.7900000000000     
  -8.59000000000000        39.7900000000000     
  -8.61000000000000        39.7900000000000     
  -8.63000000000000        39.7900000000000     
  -8.65000000000000        39.7900000000000     
  -8.67000000000000        39.7900000000000     
  -8.69000000000000        39.7900000000000     
  -8.71000000000000        39.8100000000000     
  -8.73000000000000        39.8300000000000     
  -8.75000000000000        39.8500000000000     
  -8.75000000000000        39.8700000000000     
  -8.77000000000000        39.8900000000000     
  -8.77000000000000        39.9100000000000     
  -8.77000000000000        39.9300000000000     
  -8.79000000000000        39.9500000000000     
  -8.81000000000000        39.9700000000000     
  -8.81000000000000        39.9900000000000     
  -8.83000000000000        40.0100000000000     
  -8.83000000000000        40.0300000000000     
  -8.83000000000000        40.0500000000000     
  -8.85000000000000        40.0700000000000     
  -8.83000000000000        40.0900000000000     
  -8.83000000000000        40.1100000000000     
  -8.85000000000000        40.1300000000000     
 <endpolygon>
