PROJ4_STRING              : +proj=longlat +datum=WGS84 +no_defs
COMENT1                   : Grid generated by MOHID Studio
COMENT2                   : Generation Time: 2/13/2026 10:49:33 AM
LATITUDE                  : 40.31
LONGITUDE                 : -8.04
COORD_TIP                 : 4
ILB_IUB                   : 1 60
JLB_JUB                   : 1 95
ORIGIN                    : -8.99 39.71
GRID_ANGLE                : 0
CONSTANT_SPACING_X        : 1
CONSTANT_SPACING_Y        : 1
DX                        : 0.02
DY                        : 0.02
FILL_VALUE                : -99
<BeginGridData2D>
19.98
19.74
19.76
19.65
19.71
19.54
19.91
19.75
19.74
19.61
19.7
19.6
19.71
19.77
19.62
19.44
19.39
19.66
19.75
19.68
19.55
19.29
19.56
19.63
19.43
19.87
19.56
19.59
19.5
19.84
19.44
19.49
19.62
19.85
19.34
19.56
19.23
19.36
19.71
18.82
19.18
19.49
19.45
19.92
19.6
19.71
19.14
19.45
19.15
19.52
19.47
18.99
19.78
19.19
19.62
19.69
19.67
19.71
19.8
19.02
19.46
18.77
18.53
19.94
19.71
19.52
19.42
19.59
19.69
19.74
19.57
19.21
19.24
19.58
19.45
19.6
19.58
19.88
19.93
19.84
19.74
19.8
19.48
19.77
19.52
19.38
19.88
19.79
19.59
19.68
19.57
19.5
19.52
19.6
19.98
19.65
19.89
19.86
19.81
19.77
19.82
19.73
19.72
19.58
19.77
19.9
19.8
19.46
19.51
19.53
19.57
19.74
19.62
19.67
19.66
19.7
19.74
19.53
19.64
19.7
19.54
19.55
19.51
19.82
19.82
19.88
19.55
19.47
19.49
19.62
19.66
19.49
19.09
19.01
19.64
19.59
19.52
19.69
19.71
19.68
19.34
19.37
19.41
19.85
19.01
19.31
19.23
19.34
19.52
19.71
19.8
19.51
19.53
19.37
19.6
19.45
19.36
19.19
19.3
19.64
19.68
19.49
19.43
19.78
19.71
19.54
19.41
19.45
19.65
19.37
19.46
19.8
19.65
19.78
19.84
19.83
19.72
19.72
19.23
19.61
19.9
19.64
19.79
19.78
19.76
19.62
19.61
19.68
19.9
19.69
19.93
19.77
19.93
19.87
19.86
19.84
19.77
19.8
19.81
19.71
19.64
19.64
19.52
19.58
19.63
19.61
19.35
19.53
19.66
19.87
19.79
19.73
19.81
19.71
19.8
19.58
19.48
19.46
19.56
19.7
19.81
19.74
19.68
19.44
19.61
19.65
18.73
19.46
19.52
19.34
19.06
19.52
19.85
19.66
19.67
19.61
19.28
19.55
19.25
19.6
19.17
19.62
19.1
19.28
19.32
19.38
19.49
19.53
19.64
19.09
19.44
19.27
19.65
19.4
19.55
19.39
19.52
19.81
19.58
19.8
19.64
19.69
19.6
19.39
19.41
19.58
19.46
19.51
19.72
19.64
19.74
19.58
19.16
19.49
19.48
19.73
19.83
19.8
19.94
19.88
19.88
19.61
19.78
19.7
19.99
19.78
19.95
19.78
19.88
19.82
19.82
19.76
19.7
19.66
19.61
19.69
19.75
19.78
19.58
19.59
19.62
19.48
19.43
19.78
19.62
19.73
19.91
19.62
19.8
19.74
19.63
19.45
19.46
19.41
19.73
19.81
19.73
19.67
19.83
19.69
19.15
19.74
18.92
19.21
19.09
18.65
19.52
19.81
19.8
19.52
19.52
19.39
19.55
19.65
19.27
19.66
19.31
19
19.06
19.33
19.09
19.36
19.61
19.33
19.64
18.24
19.35
19.72
19.51
19.51
19.44
19.59
19.46
19.82
19.56
19.75
19.8
19.66
19.66
19.54
19.42
19.61
19.47
19.49
19.71
19.67
19.52
19.62
19.46
19.63
19.81
19.84
19.83
19.82
19.89
19.71
19.72
19.58
19.85
19.86
19.78
19.86
19.89
19.8
19.82
19.75
19.78
19.72
19.63
19.67
19.73
19.74
19.71
19.78
19.74
19.62
19.62
19.73
19.68
19.68
19.82
19.74
19.85
19.7
19.67
19.64
19.5
19.2
19.62
19.48
19.78
19.79
19.84
19.81
19.38
19.63
19.79
19.43
18.57
19.02
19.75
19.31
19.69
19.68
19.65
19.81
19.68
18.98
19.34
19.72
19.25
19.28
19.18
19.52
18.58
19.46
18.81
19.37
19.47
19.48
19.29
18.78
19.53
19.73
19.7
19.49
19.55
19.61
19.47
19.57
19.62
19.61
19.75
19.77
19.79
19.63
19.32
19.45
19.38
19.55
19.59
19.89
19.82
19.72
19.86
19.8
19.91
19.84
19.9
19.79
19.77
19.61
19.7
19.85
19.76
19.97
19.77
19.81
19.92
19.94
19.84
19.78
19.74
19.55
19.66
19.81
19.84
19.85
19.74
19.71
19.69
19.55
19.62
19.52
19.52
19.6
19.71
19.86
19.65
19.57
19.69
19.84
19.3
18.81
19.76
19.62
19.66
19.6
19.75
19.32
19.38
19.23
19.39
19.73
19.38
19.51
19.64
19.59
19.62
19.74
19.55
19.41
19.56
19.71
19
19.32
18.93
19.05
18.14
19.13
18.2
19.3
19.17
19.74
19.47
19.3
19.33
19.45
19.81
19.69
19.83
19.51
19.63
19.61
19.39
19.51
19.68
19.66
19.72
19.79
19.53
19.7
19.42
19.4
19.41
19.41
19.48
19.46
19.86
19.88
19.83
19.85
19.88
19.89
19.84
19.79
19.76
19.71
19.68
19.68
19.95
19.88
19.88
19.85
19.87
19.74
19.78
19.69
19.68
19.78
19.78
19.86
19.84
19.9
19.78
19.62
19.79
19.51
19.38
19.61
19.57
19.45
19.53
19.77
19.68
19.57
19.73
19.31
19.31
19.57
19.71
19.73
19.7
19.02
19.35
19.44
19.57
19
19.34
19.46
19.42
19.73
19.53
19.39
19.58
19.3
19.46
19.58
19
19.61
19.1
19.18
18.27
18.59
19.12
18.99
19.09
19.08
18.76
19.39
18.8
19.21
19.3
19.65
19.9
19.77
19.74
19.7
19.54
19.61
19.69
19.56
19.72
19.82
19.8
19.88
19.85
19.78
19.63
19.56
19.47
19.45
19.55
19.56
19.77
19.91
19.88
19.85
19.75
19.82
19.87
19.81
19.69
19.72
19.6
19.87
19.84
19.82
19.78
19.82
19.81
19.86
19.73
19.69
19.69
19.71
19.91
19.82
19.92
19.77
19.62
19.54
19.4
19.64
19.76
19.42
19.5
19.65
19.71
19.58
19.84
19.77
19.41
19.34
19.78
19.51
19.48
19.52
19.63
19.26
19.22
19.14
19.1
19
19.36
19.22
19.35
19.35
19.41
18.83
19.68
19.31
19.29
19.62
19.03
19.15
19.01
19.17
19.3
18.61
19.4
18.71
19.28
19.32
18.29
19.34
19.01
19.24
19.65
19.68
19.91
19.72
19.64
19.8
19.57
19.52
19.8
19.71
19.83
19.87
19.79
19.85
19.86
19.77
19.65
19.79
19.47
19.53
19.69
19.84
19.85
19.87
19.85
19.84
19.88
19.89
19.86
19.79
19.75
19.84
-99
19.8
19.76
19.77
19.71
19.83
19.8
19.82
19.81
19.68
19.71
19.75
19.79
19.69
19.7
19.71
19.55
19.61
19.48
19.5
19.63
19.6
19.55
19.66
19.73
19.67
19.7
19.54
19.55
19.1
19.42
19.68
19.26
19.49
19.45
19.43
19.11
19.35
19.41
19
19.32
18.86
19.35
19.01
19.37
19.27
19
18.88
19.06
19.18
19.1
19.39
19.46
18.7
18.9
18.3
19.66
19.35
19.24
19.1
19.17
19.38
19.5
19.54
19.73
19.71
19.68
19.73
19.9
19.73
19.51
19.59
19.8
19.89
19.79
19.79
19.84
19.84
19.74
19.67
19.66
19.7
19.49
19.55
19.73
19.92
19.89
19.92
19.89
19.77
19.92
19.79
19.79
19.88
19.99
-99
19.83
19.75
19.81
19.74
19.76
19.83
19.83
19.72
19.72
19.82
19.83
19.73
19.51
19.76
19.69
19.7
19.87
19.63
19.26
19.33
19.02
19.63
19.22
19.55
19.81
19.86
19.58
19.32
19.55
19.57
19.21
19.76
19.15
19.46
19.48
19.65
19.23
19.44
19.16
19.2
19.37
19.34
19.5
19.13
19.05
18.96
18.3
18.9
19.03
19.05
19.36
19.14
19.35
18.9
19.19
19.14
19.54
18.94
19.5
19.33
19.01
19.51
18.79
19.78
19.35
19.68
19.61
19.7
19.63
19.67
19.74
19.79
19.81
19.95
19.84
19.79
19.89
19.81
19.6
19.66
19.52
19.49
19.72
19.72
19.52
19.44
19.5
19.66
19.86
19.72
19.72
19.75
19.76
19.66
-99
-99
19.87
19.77
19.87
19.86
19.84
19.83
19.77
19.73
19.71
19.84
19.58
19.65
19.7
19.86
19.69
19.56
19.66
19.54
19.17
19.23
18.29
19.68
19.67
19.58
19.81
19.64
19.76
19.74
19.65
19.4
19.22
19.37
19.49
19.34
19.54
19.41
19.2
19.68
19.12
19.44
19.66
18.94
19.1
18.88
19.07
18.76
19.09
18.69
19.01
19.11
19.31
19.31
19.46
19.64
19.46
19.43
19.54
19.23
19.2
19.45
18.03
19.24
18.72
19.44
19.6
19.6
19.61
19.6
19.59
19.71
19.77
19.66
19.92
19.77
19.83
19.92
19.79
19.76
19.83
19.84
19.39
19.29
19.6
19.34
19.23
19.38
19.61
19.56
19.69
19.75
19.6
19.58
19.5
-99
-99
19.71
19.95
19.91
19.76
19.89
19.82
19.79
19.76
19.74
19.8
19.83
19.53
19.8
19.81
19.61
19.59
19.78
19.38
19.23
19.19
19.69
19.37
19.55
19.62
19.67
19.79
19.65
19.84
19.72
19.54
18.67
19.72
19.23
19.77
18.94
19.61
19.55
19.56
19.39
19.56
19.17
19.1
19.01
18.82
18.32
19
18.12
19.19
19.04
18
18.54
19.66
19.54
19.71
19.7
19.34
19.44
19.2
19.57
18.89
19.6
19.07
19.07
19.06
19.55
19.47
19.87
19.72
19.5
19.68
19.58
19.82
19.77
19.77
19.84
19.92
19.73
19.87
19.68
19.4
19.59
19.5
19.6
19.74
19.55
19.37
19.57
19.83
19.55
19.69
19.78
19.61
19.75
-99
-99
-99
19.87
19.85
19.96
19.88
19.8
19.78
19.77
19.91
19.8
19.74
19.87
19.65
19.78
19.62
19.52
19.76
19.61
19.33
19.34
19.36
19.42
19.63
19.73
19.79
19.72
19.75
19.65
19.82
19.04
18.8
19.04
19.22
18.93
19.3
19.12
19.36
19.58
19.57
19.48
19.44
19.21
19.31
18.51
18.5
18.49
19.08
18.13
17.41
18.42
18.4
19.22
19.35
19.6
19.69
19.33
19.4
19.03
19.15
18.92
19.45
19.22
19.39
19.09
19.49
19.69
19.38
19.57
19.64
19.72
19.73
19.81
19.92
19.81
19.84
19.9
19.88
19.57
19.69
19.66
19.54
19.49
19.54
19.79
19.84
19.63
19.5
19.43
19.61
19.83
19.9
19.88
19.76
-99
-99
-99
19.76
19.93
19.94
19.92
19.93
19.84
19.83
19.83
19.7
19.86
19.75
19.62
19.7
19.59
19.54
19.71
19.72
19
18.95
19.41
19.32
19.69
19.87
19.75
19.87
19.32
19.74
19.44
19.38
18.85
17.91
19.46
19.12
18.85
18.36
19.19
19.43
19.47
19.26
19.46
19.44
19.31
19.15
18.45
18.85
17.56
17.1
17.49
17.73
19.22
18.87
19.02
19.16
18.77
19.31
18.88
19.16
17.95
19.45
19.17
19.3
19.19
19.03
18.96
19.54
19.47
19.44
19.47
19.72
19.8
19.84
19.79
19.86
19.79
19.89
19.79
19.81
19.64
19.38
19.31
19.35
19.64
19.91
19.84
19.6
19.38
19.83
19.64
19.63
19.66
19.66
19.67
-99
-99
-99
-99
19.9
19.91
19.89
19.92
19.87
19.82
19.81
19.91
19.65
19.75
19.76
19.63
19.71
19.52
19.75
19.53
19.58
18.96
18.84
19.7
19.58
19.57
19.65
19.45
19.68
18.61
19.54
19.1
18.43
19.29
18.66
19.28
18.67
18.49
19.01
19.19
19.35
19.55
19.24
19.51
18.47
19.68
19.04
17.66
18.03
18.01
18.58
18.79
18.07
18.06
18.95
18.29
18.37
18.48
19.02
18.37
18.96
19.01
18.95
19.47
18.82
18.55
18.61
19.34
19.57
19.67
19.54
19.6
19.66
19.73
19.8
19.86
19.88
19.9
19.75
19.72
19.75
19.58
19.39
19.47
19.66
19.79
19.84
19.64
19.56
19.56
19.7
19.56
19.35
19.27
19.6
-99
-99
-99
-99
19.82
19.97
19.91
19.87
19.9
19.86
19.84
19.72
19.8
19.83
19.69
19.79
19.65
19.53
19.58
19.81
19.3
19.1
19.44
19.15
19.47
19.46
19.43
19.44
19.27
19.53
19.21
19.63
18.98
18.4
18.61
19.01
18.66
18.59
19.32
19.05
19.36
18.75
19.31
18.4
18.85
19.3
19.04
19.24
18.96
19.47
19.08
18.69
18.77
19.21
17.92
17.95
17.44
18.04
18.18
18.99
18.41
18.6
18.54
18.2
18.56
18.94
18.66
19.21
19.4
19.36
19.6
19.22
19.55
19.22
19.73
19.78
19.85
19.85
19.8
19.72
19.77
19.64
19.67
19.69
19.79
19.8
19.83
19.66
19.6
19.7
19.74
19.59
19.34
19.5
19.19
-99
-99
-99
-99
-99
19.93
19.86
19.87
19.9
19.9
19.76
19.55
19.88
19.8
19.77
19.83
19.75
19.68
19.44
19.8
19.64
19.41
18.96
19.33
19.68
19
19.36
19.35
19.4
19.47
19.73
19.47
19.25
18.56
18.3
18.34
19.38
18.99
19.05
19.27
18.35
19.25
18.57
18.76
18.88
19.24
19.61
19.39
19.48
19.26
19.54
19.23
19.23
19.18
18.77
18.09
18.45
18.22
18.62
18.26
18.07
17.12
18.89
19.01
19.15
18.9
19.35
19.02
19.37
19.37
19.31
19.04
18.62
18.8
18.98
19.3
19.67
19.8
19.83
19.71
19.71
19.93
19.6
19.65
19.72
19.91
19.75
19.73
19.77
19.78
19.69
19.7
19.63
19.47
19.58
-99
-99
-99
-99
-99
19.86
19.91
19.85
19.76
19.93
19.84
19.71
19.6
19.67
19.79
19.79
19.73
19.62
19.99
19.68
19.7
19.77
19.64
19.14
19.07
19.16
18.93
19.56
19.68
19.75
19.73
19.77
19.05
18.8
18.32
18.94
18.68
19.04
18.09
18.56
19.2
18.82
18.37
18.83
19.48
19.13
19.37
19.35
19.45
19.34
18.98
19.27
19.32
18.69
19.76
19.21
19.19
18.69
18.87
18.71
18.25
19.16
18.97
19.08
19.48
19.55
19.26
18.84
18.32
18.84
18.97
18.93
18.4
18.33
18.11
19.31
19.67
19.76
19.71
19.87
19.81
19.75
19.79
19.72
19.76
19.67
19.77
19.75
19.72
19.74
19.87
19.8
19.67
19.58
19.91
-99
-99
-99
-99
-99
-99
19.87
19.82
19.8
19.82
19.45
19.85
19.73
19.8
19.53
19.87
19.76
19.68
19.82
19.65
19.67
19.56
19.38
19.4
19.12
19.41
19.44
19.5
19.67
19.82
19.63
19.76
19.7
19.17
18.92
18.92
18
18.35
17.84
18.65
19.02
17.88
19.2
19.18
19.23
19.11
19.15
18.99
19.21
18.93
19.01
19.08
19.08
19.43
19.17
19.59
18.98
19.28
18.47
18.64
19.12
19.19
19.59
19.54
19.11
19.62
19.44
17.99
18.13
17.88
19.4
19.8
17.85
17.95
18.54
18.76
18.99
19.56
19.67
19.69
19.82
19.75
19.81
19.76
19.68
19.82
19.83
19.77
19.73
19.7
19.8
19.72
19.65
19.73
19.88
-99
-99
-99
-99
-99
-99
19.78
19.82
19.77
19.63
19.82
19.63
19.83
19.59
19.9
19.77
19.75
19.7
19.59
19.76
19.59
19.62
19.47
19.34
19.66
19.47
19.41
19.74
19.83
19.38
19.74
19.42
19.6
19.44
19.61
18.67
18.88
17.92
18.81
17.59
17.21
18.49
18.6
18.74
19.21
18.98
18.52
19.04
18.98
19.57
18.81
18.78
19.19
19.47
18.98
18.75
19.32
18.78
18.56
19.07
18.6
19.35
19.49
19.35
19.33
19.39
19.02
19.28
18.6
18.95
18.87
18.55
18.7
18.37
18.21
18
19.42
19.26
19.05
19.26
19.32
19.63
19.51
19.75
19.77
19.83
19.88
19.81
19.89
19.8
19.44
19.8
19.62
19.53
19.84
-99
-99
-99
-99
-99
-99
19.67
19.76
19.78
19.6
19.75
19.77
19.43
19.42
19.47
19.53
19.72
19.51
19.8
19.84
19.57
19.62
19.9
19.79
19.71
19.71
19.58
19.49
19.69
19.77
19.58
19.36
18.7
19.3
19.13
19.24
19.19
18.39
18.07
17.36
17.63
17.93
18.42
19.08
18.25
18.72
18.56
18.18
19.07
18.49
19.1
19.07
18.84
18.99
18.7
18.87
18.53
18.91
19.27
19.09
18.94
19.01
19.16
19.38
19.12
18.7
18.75
19.11
18.81
19.08
19.59
18.79
18.6
18.4
18.48
18.69
18.78
18.82
18.57
18.52
19.51
19.56
19.64
19.42
19.77
19.74
19.61
19.83
19.89
19.77
19.9
19.76
19.67
19.43
19.45
-99
-99
-99
-99
-99
-99
-99
19.52
19.6
19.66
19.72
19.5
19.3
19.4
19.37
19.54
19.62
19.71
19.35
19.68
19.7
19.79
19.9
19.73
19.78
19.64
19.65
19.63
19.19
19.46
19.29
19.06
19.13
18.96
19.23
19.47
19.21
19.15
18.54
18.38
17.86
18.81
19
18.26
18.85
18.33
18.18
18.45
18.14
19.16
18.89
19.09
19.16
19.1
18.54
16.45
18.67
19.32
19.67
19.06
19.36
18.41
18.85
19.34
19.28
19.25
19.18
19.06
19.34
19.23
18.83
19.05
19.17
19.14
18.93
19.27
19.08
19.16
19.02
19.57
19.48
19.67
19.3
19.63
19.69
19.61
19.71
19.72
19.88
19.8
19.8
19.64
19.76
19.88
19.33
-99
-99
-99
-99
-99
-99
19.52
19.54
19.51
19.68
19.51
19.59
19.72
19.8
19.78
19.76
19.62
19.6
19.7
19.51
19.77
19.91
19.9
19.88
19.59
19.8
19.61
19.52
19.43
18.74
19.35
18.88
18.4
19.17
19.73
19.53
19.24
19.02
18.74
18.4
19.05
18.09
19.19
19.2
17.76
18.56
18.4
19.25
18.86
18.92
19.07
19.51
18.99
18.32
18.03
18.29
18.59
18.86
18.91
19.23
18.78
18.84
19.02
19.37
19.19
19.67
19.28
19.75
19.63
18.93
18.4
19.22
19.55
19.6
19.6
19.68
19.59
19.5
19.51
19.41
19.4
19.42
19.64
19.52
19.44
19.6
19.65
19.75
19.76
19.76
19.64
19.69
19.42
19.6
19.28
-99
-99
-99
-99
18.7
19.59
19.37
19.57
19.77
19.63
19.84
19.82
19.85
19.82
19.92
19.79
19.82
19.78
19.68
19.7
19.65
19.81
19.41
19.61
19.57
19.85
19.66
19.39
19.34
19.57
19.18
18.71
18.43
18.25
18.8
19.33
19.34
19.16
18.24
18.9
18.46
18.96
18.65
18.42
18.36
17.78
19.43
19.7
19.45
18.23
19.14
19
18.9
18.46
18.14
18.65
19.17
19.25
18.07
17.99
19.25
19.14
18.9
19.19
19.38
19.08
19.59
19.31
19.2
18.77
19.18
19.28
19.69
19.83
19.68
19.56
19.37
19.62
19.32
19.02
19.07
19.37
19.56
19.45
19.59
19.59
19.15
19.39
19.03
19.38
19.26
19.64
19.57
18.94
19.65
-99
-99
-99
-99
19.68
18.69
19.14
19.55
19.86
19.9
19.83
19.76
19.65
19.86
19.95
19.8
19.76
19.69
19.8
19.69
19.64
19.35
19.45
19.37
19.69
19.43
19.4
19.46
19.32
19.49
19.67
19.2
17.72
18.13
18.97
18.84
19.39
19.08
19.01
19.28
19.41
19.18
18.6
17.98
18.68
18.32
18.13
18.36
18.53
18.77
18.74
18.43
18.4
18.33
17.59
19.19
18.74
18.48
18.28
19.26
18.32
18.55
18.87
19.46
18.42
19.32
19.38
19.47
19.22
19.16
19.16
19.2
19.35
19.47
19.75
19.29
19.33
18.98
19.1
19.02
19.2
19.62
19.21
19.41
19.8
19.37
19.22
18.28
18.95
18.82
19.34
19.18
19.44
19.83
19.1
-99
-99
-99
-99
-99
19.39
19.29
19.68
19.78
19.81
19.75
19.82
19.94
19.78
19.7
19.8
19.69
19.87
19.57
19.74
19.74
19.63
19.63
19.71
19.56
19.41
19.29
19.42
19.8
19.2
19.16
18.16
18.56
18.77
18.41
19.25
18.97
18.91
18.99
18.36
18.64
18.3
18.29
18.33
18.23
18.23
18.43
18.38
18.3
18.9
18.74
18.32
18.26
18.15
19.41
18.59
19.59
16.84
18.36
17.15
17.78
18.78
19.24
18.14
19.35
19.44
19.52
19.23
19.49
19.16
19.31
18.95
18.83
19.3
19.45
19.65
19.39
18.41
18.17
19.43
19.7
19.39
19.33
19.5
19.39
19.61
19.42
19.48
19.19
19.51
19.15
19.54
19.41
19.25
19.01
-99
-99
-99
-99
-99
19.41
19.9
19.91
19.91
19.93
19.74
19.82
19.76
19.8
19.78
19.91
19.76
19.63
19.74
19.6
19.85
19.74
19.79
19.7
19.71
19.46
19.68
19.7
19.58
19.49
19.08
18.66
18.71
17.81
18.39
18.62
19.5
18.87
18.36
18.85
18.24
18.3
18.12
18.05
18.43
18.41
18.45
19.46
19.64
18.6
18.86
19.07
19.01
18.59
19.04
18.51
18.13
18.89
17.39
17.77
17.61
18.58
19.19
18.82
19.02
18.36
18.74
18.71
18.61
19.5
18.6
18.98
18.73
18.72
19.12
19.45
19.46
19.14
19.24
19.37
19.59
19.49
19.64
19.31
19.53
19.63
19.38
19.75
19.64
19.61
19.84
19.71
19.57
18.35
19.1
-99
-99
-99
-99
-99
-99
19.75
19.89
19.95
19.91
19.91
19.83
19.81
19.75
19.85
19.89
19.84
19.66
19.7
19.77
19.78
19.81
19.79
19.81
19.75
19.72
19.8
19.71
19.76
19.55
19.12
18.85
18.09
18.94
18.73
19.53
19.22
19.17
19.36
19
19.35
19.11
19.09
19.15
18.82
19.08
19.04
19.34
19.4
19.67
19.21
19.24
18.93
19.3
18.49
18.72
17.94
19.28
18.25
18.28
18.94
18.83
19.14
19.26
18.07
18.27
17.14
18.24
17.58
17.91
18.05
17.58
18.26
18.17
19.15
19.55
19.6
19.64
19.64
19.5
19.45
19.6
19.5
19.67
19.44
19.5
19.43
19.11
19.72
19.2
19.56
19.42
19.11
18.94
19.16
-99
-99
-99
-99
-99
-99
19.86
19.95
19.92
19.94
19.95
19.86
19.72
19.87
19.94
19.88
19.83
19.83
19.85
19.89
19.83
19.9
19.75
19.81
19.82
19.8
19.84
19.77
19.52
19.44
19.05
18.96
19.5
19.37
19.31
19.07
19.45
19.62
19.47
19.36
19.07
19.5
19.65
19.71
19.8
19.49
19.78
19.71
19.74
19.66
19.68
19.46
19.38
19.43
19.42
18.13
18.12
17.88
16.97
18.3
19.03
19.12
18.8
18.85
19.37
18.72
17.96
17.17
18.11
16.51
17.56
17.42
17.57
18.22
18.67
19.21
19.62
19.52
19.2
19.56
19.79
19.58
19.77
19.75
19.54
18.8
19.59
19.85
18.3
19.39
19.38
19.24
19.22
18.99
19.13
-99
-99
-99
-99
-99
-99
-99
19.92
19.91
19.94
19.94
19.87
19.93
19.88
19.88
19.88
19.78
19.85
19.86
19.89
19.93
19.84
19.85
19.8
19.86
19.88
19.69
19.77
19.62
19.39
19.29
19.67
19.25
19.5
19.05
19.55
19.11
19.6
19.5
19.16
19.54
19.91
19.64
19.41
19.61
19.29
19.67
19.8
19.63
19.62
19.44
19.23
19.3
19.17
18.47
18.8
18.31
17.86
18.52
17.99
18.93
19.19
19.15
19.09
18.78
17.51
17.06
17.19
18
17.62
17.44
19.06
17.93
17.5
18.14
18.45
18.79
19.19
19.45
19.77
19.8
19.88
19.69
19.67
19.43
19.45
19.45
19.15
19.44
19.48
19.41
19.31
19.15
19.45
19.11
-99
-99
-99
-99
-99
-99
-99
19.91
19.92
19.93
19.93
19.92
19.93
19.87
19.89
19.84
19.76
19.85
19.83
19.89
19.88
19.87
19.9
19.77
19.85
19.79
19.73
19.67
19.83
19.51
19.52
19.57
19.86
18.96
19.59
19.11
19.33
19.38
19.22
19.01
19.09
18.96
19.2
19.08
19.04
19.42
19.33
19.79
19.8
19.54
19.46
19.57
19.17
19.17
19.1
19.11
19.23
19.41
18.95
18.55
19.05
19.05
18.5
18.45
18
18.14
16.79
17.06
17.08
18.88
19.5
18.64
17.56
17.89
18.24
18.66
18.83
19.06
19.26
19.45
19.47
19.77
19.52
19.81
19.8
19.29
19.4
19.5
19.48
19.18
19.36
19.53
19.43
19.7
19.53
-99
-99
-99
-99
-99
-99
-99
19.95
19.92
19.92
19.94
19.95
19.87
19.91
19.86
19.91
19.85
19.74
19.85
19.83
19.89
19.86
19.81
19.83
19.74
19.82
19.78
19.73
19.79
19.73
19.26
19.66
19.2
19.6
19.16
19.2
19.25
18.82
19.03
19.54
18.7
18.85
18.54
19.23
18.93
19.27
19.42
19.7
19.68
19.74
19.71
19.51
19.49
19.43
19.53
19.34
19.26
19.24
19.04
19.27
18.37
18.24
19.21
18.15
17.44
17.39
18.38
18.63
19.16
19.11
18.39
19.12
19.08
18.11
17.82
18.77
19.2
18.33
19.41
18.92
19.48
18.49
19.74
19.64
19.43
19.49
19.43
19.56
19.49
19.28
19.37
19.61
19.56
19.73
19.64
-99
-99
-99
-99
-99
-99
-99
-99
19.95
19.89
19.86
19.81
19.84
19.82
19.88
19.84
19.86
19.81
19.82
19.74
19.7
19.87
19.91
19.9
19.78
19.75
19.83
19.68
19.77
19.61
19.34
18.78
19.47
19.67
19.15
19.2
19.01
19.52
19.34
19.25
19.74
19.26
18.76
18.83
19.17
19.1
19.27
19.22
19.36
19.34
19.61
19.51
19.49
19.68
19.44
19.49
19.64
19.16
19.14
18.49
18.38
19.18
18.71
18.47
18.63
17.39
17.76
18.73
19.22
18.87
19.1
18.19
18.65
18.38
18.48
18.23
18.17
19.58
17.79
19.39
18.86
19.57
19.38
19.77
19.6
19.56
19.29
19.41
19.39
18.94
19.8
19.57
19.81
19.53
19.52
-99
-99
-99
-99
-99
-99
-99
-99
19.91
19.95
19.78
19.81
19.76
19.76
19.87
19.89
19.87
19.89
19.88
19.81
19.82
19.86
19.88
19.84
19.74
19.73
19.84
19.75
19.68
19.67
19.26
18.98
19.57
19.51
19.6
18.94
19.69
19.7
19.69
19.38
19.36
18.89
19.45
19.17
19.15
19.19
18.84
18.52
18.85
19.31
19.41
19.51
19.78
19.8
19.83
19.51
19.46
19.52
19.31
19.45
19.44
19.19
19.08
18.54
17.98
17.28
16.84
17.48
17.94
18.97
18.3
17.84
18.25
17.81
17.56
18.66
19.23
18.13
19.45
18.16
19.44
19.64
19.64
19.58
19.28
19.38
19.38
19.31
18.87
19.6
19.4
19.68
19.65
19.72
19.54
-99
-99
-99
-99
-99
-99
-99
-99
19.94
19.9
19.92
19.86
19.89
19.81
19.83
19.87
19.89
19.94
19.88
19.91
19.92
19.84
19.93
19.87
19.78
19.68
19.89
19.78
19.75
19.53
19.43
19.34
19.46
19.76
19.2
19.37
19.36
19.44
19.3
19.2
19.4
19.13
19.44
18.9
18.9
19.44
19.01
19.03
19.36
18.7
18.81
19.43
19.45
19.41
19.66
19.68
19.7
19.53
19.63
19.58
19.91
19.87
19.65
19.22
18.47
18.41
16.44
16.62
18.47
19.09
18.25
18.86
17.7
17.18
18.59
18.73
18.39
19.11
19.44
18.97
19.04
19.14
19.34
19.39
19.34
18.59
19.29
18.75
19.64
19.53
19.6
19.78
19.74
19.74
19.76
-99
-99
-99
-99
-99
-99
-99
-99
-99
19.97
19.92
19.85
19.86
19.86
19.82
19.91
19.91
19.93
19.87
19.86
19.9
19.86
19.89
19.88
19.65
19.83
19.79
19.74
19.74
19.63
19.18
19.7
19.12
19.71
19.3
19.06
18.7
19.51
18.63
19.16
19.21
19.36
19.12
19.41
19.43
19.09
19.87
19.39
19.11
19.34
19.49
18.71
18.68
19.75
19.55
19.71
19.72
19.59
19.62
19.63
19.51
19.64
19.5
19.4
19.24
19.54
18.92
17.39
18.05
18.73
19.34
17.74
18.15
18.47
19.25
18.16
18.72
17.76
18.54
19.11
18.35
19.11
18.71
19.22
19.1
19.42
18.45
19.51
19.47
19.8
19.78
19.69
19.63
19.8
19.75
-99
-99
-99
-99
-99
-99
-99
-99
-99
19.91
19.94
19.92
19.88
19.9
19.94
19.91
19.86
19.84
19.86
19.92
19.87
19.88
19.91
19.82
19.89
19.74
19.67
19.77
19.62
19.64
19.8
19.09
19.45
18.62
19.07
19.52
18.74
19.07
18.96
19.42
19.4
19.68
19.56
19.6
19.4
19.7
19.09
19.53
19.38
19.8
19.55
19.51
19.49
19.12
19.79
19.66
19.81
19.71
19.49
19.43
19.64
19.64
19.75
19.58
19.57
19.26
18.38
17.88
18.04
18.62
18.06
19.04
18.45
18.62
18.7
19.65
17.8
18.65
18.06
19.15
18.68
18.47
19.12
18.76
18.83
18.97
19.21
19.3
19.85
19.84
19.75
19.63
19.8
19.69
19.95
-99
-99
-99
-99
-99
-99
-99
-99
-99
19.94
19.89
19.93
19.87
19.91
19.91
19.89
19.89
19.83
19.79
19.9
19.82
19.82
19.88
19.76
19.87
19.7
19.72
19.91
19.67
19.61
19.33
19.63
19.39
19.09
19.15
19.16
19.26
18.89
19.62
19.17
19.78
19.64
19.77
19.76
19.55
19.42
19.42
19.17
19.61
19.43
19.83
19.84
19.53
19.79
19.24
19.66
19.73
19.55
19.64
19.83
19.65
19.54
19.8
19.8
19.83
19.5
19.12
18.93
18.6
18.46
18.59
17.92
18.63
19.04
18.82
18.54
19.49
18.7
19.44
19.23
19.37
18.98
18.62
18.85
19.1
18.75
18.38
19.49
19.82
19.81
19.82
19.86
19.64
19.76
19.47
-99
-99
-99
-99
-99
-99
-99
-99
-99
-99
19.97
19.78
19.83
19.9
19.91
19.94
19.87
19.82
19.86
19.74
19.9
19.91
19.69
19.83
19.79
19.81
19.65
19.74
19.75
19.64
19.62
19.41
19.15
19.19
19.16
18.59
19.02
18.73
19.41
19.43
19.49
19.79
19.77
19.51
19.54
19.7
19.21
19.03
19.25
19.79
19.5
19.66
19.82
19.61
19.78
19.18
19.29
19.66
19.21
19.28
19.48
19.34
19.65
19.83
19.74
19.7
19.69
19.3
19.13
19.01
18.2
18.24
17.96
17.6
18.62
19.39
19.24
19.53
19.02
19.1
19.46
18.81
19.68
19.1
18.85
18.98
19.59
19.31
19.54
19.59
19.74
19.77
19.73
19.58
19.73
-99
-99
-99
-99
-99
-99
-99
-99
-99
-99
19.45
19.82
19.97
19.93
19.89
19.91
19.82
19.87
19.8
19.84
19.85
19.88
19.82
19.79
19.79
19.78
19.82
19.7
19.8
19.66
19.55
19.45
19.29
18.87
18.74
18.24
18.3
18.74
19.01
19.18
19.53
19.77
19.93
19.58
19.3
19.31
19.46
19.28
19.37
19.21
19.41
19.77
19.72
19.7
19.6
19.44
19.52
19.14
18.82
18.88
19.09
19.44
18.9
19.46
19.52
19.53
19.57
19.63
19.41
18.95
18.55
17.79
17.6
17.68
18.37
18.8
19.21
19.21
19.39
19.35
18.19
19.62
19.32
19.77
19.46
19.59
19.52
19.77
19.79
19.74
19.57
19.61
19.6
19.68
19.59
-99
-99
-99
-99
-99
-99
-99
-99
-99
-99
19.52
19.8
19.95
19.91
19.92
19.83
19.89
19.69
19.85
19.8
19.87
19.92
19.89
19.7
19.82
19.78
19.69
19.64
19.62
19.84
19.7
19.5
19.12
18.9
18.69
18.75
18.24
19.09
18.64
18.49
18.52
18.96
19.86
19.3
19.45
19.69
19.51
19.4
19.38
19.41
19.67
19.32
19.63
19.84
19.75
19.71
19.42
19.4
19.36
19.27
19.42
18.78
18.79
18.99
19.35
19.47
19.59
19.55
19.68
19.07
19.05
18.7
18.34
18.33
18.18
18.58
18.92
18.52
19.15
18.58
19.48
18.58
19.41
19.31
19.5
19.47
19.67
19.59
19.86
19.89
19.7
19.57
19.75
19.52
19.63
-99
-99
-99
-99
-99
-99
-99
-99
-99
-99
-99
19.78
19.94
19.94
19.91
19.93
19.77
19.78
19.78
19.86
19.8
19.76
19.71
19.78
19.86
19.8
19.72
19.68
19.76
19.76
19.69
19.54
19.24
19.07
19.67
18.56
18.94
18.58
18.36
17.8
18.16
18.8
19.24
19.62
19.44
19.79
19.56
19.75
19.46
19.44
19.44
19.5
19.66
19.72
19.51
19.84
19.77
19.73
19.61
19.6
19.36
19.28
19.23
18.79
18.95
19.58
19.4
19.44
19.34
19.56
19.32
19.46
19.29
19.18
18.84
18.67
18.47
18.54
18.21
18.62
18.23
18.89
18.65
19.23
18.86
19.15
19.41
19.79
19.83
19.67
19.76
19.86
19.7
19.76
19.61
-99
-99
-99
-99
-99
-99
-99
-99
-99
-99
-99
19.9
19.93
19.92
19.92
19.87
19.82
19.81
19.98
19.7
19.66
19.74
19.75
19.87
19.8
19.8
19.79
19.82
19.76
19.82
19.72
19.57
19.71
19.33
18.12
18.93
18.24
18.9
19.13
18.95
18.42
18.46
18.91
19.37
19.54
19.45
19.38
19.67
19.59
19.34
19.54
19.63
19.71
19.52
19.71
19.66
19.97
19.61
19.86
19.62
19.74
19.63
19.36
19.21
19.21
18.82
18.87
19.02
19.19
19.58
19.61
19.61
19.61
19.62
19.54
19.14
18.67
18.42
18.64
18.51
18.7
18.04
19.04
18.98
18.98
18.54
19.54
19.54
19.71
19.61
19.75
19.75
19.76
19.67
19.71
-99
-99
-99
-99
-99
-99
-99
-99
-99
-99
-99
19.88
19.94
19.92
19.92
19.92
19.84
19.88
19.83
19.85
19.75
19.83
19.85
19.78
19.74
19.82
19.88
19.85
19.71
19.74
19.61
19.23
19.18
18.53
18.46
18.64
19.12
18.8
18.82
18.39
18.18
18.65
18.69
19.28
19.64
19.36
19.42
19.52
19.35
19.71
19.26
19.68
19.65
19.6
19.61
19.75
19.69
19.79
19.7
19.71
19.65
19.59
19.67
19.42
19.06
18.72
18.58
18.78
18.92
19.42
19.58
19.76
19.73
19.64
19.67
19.69
19.19
19.08
18.95
18.47
18.65
19.32
18.76
19.26
18.43
18.95
19.11
19.49
19.73
19.57
19.69
19.67
19.51
19.59
19.75
-99
-99
-99
-99
-99
-99
-99
-99
-99
-99
-99
-99
-99
19.97
19.95
19.87
19.87
19.86
19.94
19.95
19.83
19.59
19.86
19.96
19.81
19.65
19.59
19.88
19.7
19.52
19.66
19.78
18.44
18.54
18.97
18.82
18.94
19.27
19.08
18.88
19.1
18.22
18.69
18.96
19.23
19.7
19.54
19.22
19.7
19.42
19.35
19.47
19.52
19.63
19.66
19.58
19.72
19.66
19.44
19.63
19.57
19.66
19.69
19.38
18.7
18.74
18.3
18.72
19.41
19.36
19.29
19.41
19.52
19.52
19.47
19.65
19.15
19.39
18.67
19.07
18.58
18.88
19.38
18.76
19.06
18.65
19.21
19.61
19.38
19.68
19.37
19.47
19.64
19.68
19.52
-99
-99
-99
-99
-99
-99
-99
-99
-99
-99
-99
-99
-99
19.98
19.94
-99
19.92
19.9
19.85
19.84
19.81
19.82
19.72
19.85
19.6
19.65
19.81
19.47
19.63
19.8
19.75
19.12
19.43
18.89
19.52
18.97
18.56
19.29
19.06
19.24
18.54
19.14
18.74
18.84
18.73
19.18
19.54
19.56
19.56
19.56
19.46
19.59
19.76
19.62
19.64
19.63
19.49
19.31
19.68
19.46
19.54
19.53
19.45
19.32
19.25
19.07
19.29
19.03
19.24
19.48
19.35
18.97
19.04
18.81
18.76
19.11
19.85
19.39
19.42
19.07
19.09
19.22
19.49
19.66
19.03
18.98
19
19.7
19.27
19.58
19.38
19.62
19.69
19.71
19.68
-99
-99
-99
-99
-99
-99
-99
-99
-99
-99
-99
-99
19.96
19.95
19.99
-99
-99
19.87
19.93
19.84
19.86
19.9
19.76
19.59
19.67
19.68
19.67
19.61
19.59
19.59
19.4
19.36
18.6
18.79
19.09
19.46
19.35
18.8
19.35
19.37
19.51
19.08
18.68
17.83
18.8
19.16
19.64
19.6
19.55
19.52
19.72
19.82
19.65
19.67
19.6
19.57
19.46
19.54
19.28
19.62
19.39
19.64
19.41
19.82
19.7
19.59
19.47
19.24
19.19
18.99
19.81
19.32
18.65
18.84
18.74
19.23
19.19
19.77
19.56
19.65
19.64
19.62
19.76
19.67
19.72
19.14
19.1
19.51
19.8
19.25
19.81
19.56
19.8
19.79
19.85
-99
-99
-99
-99
-99
-99
-99
-99
-99
-99
-99
-99
19.99
-99
-99
-99
-99
-99
19.91
19.87
19.87
19.77
19.71
19.71
19.83
19.65
19.67
19.74
19.67
19.55
19.28
18.73
18.71
18.8
19.4
19.16
19.76
19.78
19.42
19.11
18.55
19.09
18.92
19.15
18.73
18.8
19.57
19.48
19.57
19.35
19.56
19.59
19.51
19.75
19.69
19.69
19.37
19.49
19.38
19.48
19.54
19.6
19.76
19.7
19.58
19.27
19.49
19.43
18.3
18.97
18.89
19.16
19.39
19.17
19.35
18.68
19.22
19.55
19.6
19.69
19.79
19.84
19.83
19.67
19.54
19.19
19.41
19.81
19.66
19.57
19.5
19.54
19.6
19.69
19.76
-99
-99
-99
-99
-99
-99
-99
-99
-99
-99
-99
-99
19.99
19.99
-99
-99
19.98
-99
19.88
19.88
19.93
19.87
19.59
19.7
19.78
19.48
19.71
19.59
19.66
19.58
19.23
19.13
19.34
19.06
18.28
19.16
19.17
19.58
19.49
19.29
19.33
18.81
19.21
19
18.64
19.01
19.36
19.66
19.58
19.17
19.49
19.64
19.44
19.62
19.58
19.48
19.67
19.32
19.66
19.4
19.59
19.37
19.68
19.73
19.76
19.32
19.35
19.06
19.11
18.83
19.25
18.99
19.23
19.61
19.52
19.15
18.97
19.41
19.62
19.24
19.78
19.65
19.81
19.61
19.53
19.36
19.43
19.89
19.65
19.66
19.29
19.51
19.8
19.53
19.64
-99
-99
-99
-99
-99
-99
-99
-99
-99
-99
-99
-99
-99
19.96
-99
-99
19.97
19.92
19.94
19.93
19.96
19.77
19.65
19.73
19.73
19.7
19.31
19.52
19.43
19.29
19.62
19.09
19.11
18.78
18
18.45
19.4
19.66
19.59
19.73
19.65
19.52
18.71
18.8
18.53
18.7
19.32
19.64
19.24
19.74
19.47
19.58
19.77
19.41
19.56
19.47
19.61
19.59
19.47
19.66
19.11
19.4
19.45
19.62
19.36
19.62
19.65
19.5
19.17
19.4
19.53
19.24
19.2
19.14
19.63
19.15
19.41
19.06
18.98
19
18.93
19.27
19.7
19.47
19.39
19.51
19.77
19.69
19.62
19.6
19.54
19.69
19.69
19.62
19.76
-99
-99
-99
-99
-99
-99
-99
-99
-99
-99
-99
-99
-99
19.95
19.93
-99
-99
19.99
-99
19.99
19.91
19.82
19.67
19.7
19.83
19.38
19.58
19.32
18.86
19.01
19.21
19.2
19.05
18.47
18.47
18.82
18.91
18.64
18.91
18.36
18.82
18.9
18.42
18.61
18.33
18.96
18.94
19.25
19.36
19.27
19.45
19.44
19.74
19.81
19.42
19.33
19.17
19.83
19.44
19.49
19.32
19.55
19.52
19.3
19.57
19.52
19.44
19.42
19.68
19.1
19.21
18.96
19.26
19.4
19.43
19.52
19.31
19.34
18.88
19.12
18.66
18.98
19.21
18.97
19.31
19.45
19.69
19.74
19.62
19.63
19.71
19.8
19.66
19.75
19.51
-99
-99
-99
-99
-99
-99
-99
-99
-99
-99
-99
-99
-99
19.92
19.95
-99
19.97
19.96
19.96
-99
19.96
19.86
19.71
19.65
19.69
19.66
19.37
19.44
18.89
19.2
18.77
19.28
18.51
18.82
18.85
18.65
18.72
18.94
18.08
18.19
18.05
18.24
18.58
18.17
18.75
18.75
19.28
19.08
19.39
19.51
18.76
18.99
19.16
19.55
19.47
19.36
19.5
19.47
19.59
19.28
19.49
19.41
19.5
19.57
19.56
19.44
19.38
19.42
19.33
19.61
18.89
19.43
19.04
19.57
19.5
19.48
19.37
19.58
19.03
19.02
19.32
19.24
18.93
19.19
19.22
19.16
19.64
19.6
19.78
19.63
19.65
19.88
19.64
19.58
19.73
-99
-99
-99
-99
-99
-99
-99
-99
-99
-99
-99
-99
-99
-99
19.92
-99
-99
19.95
19.94
19.93
19.85
19.79
19.7
19.76
19.67
19.6
19.78
19.47
19.33
19.06
18.65
18.67
18.29
18.67
18.39
18.77
18.43
18.87
18.87
18.74
18.56
18.87
19.21
19.19
18.89
19.18
19.08
19.42
19.03
19.24
18.72
19.08
19.48
19.19
19.3
19.24
19.25
19.18
19.39
19.43
19.71
19.56
19.49
19.38
19.72
19.8
19.39
19.63
19.46
19.46
19.52
19.35
19.42
19.07
19.47
19.75
19.43
19.34
19.27
19.53
19.4
19.42
19.23
19.69
19.36
19.46
19.33
19.7
19.61
19.64
19.71
19.82
19.76
19.58
19.61
-99
-99
-99
-99
-99
-99
-99
-99
-99
-99
-99
-99
-99
-99
0.1
-99
-99
19.97
19.93
19.86
19.9
19.74
19.72
19.78
19.59
19.65
19.62
19.61
18.92
18.71
19.25
18.39
18.76
18.25
18.73
18.92
18.62
18.54
18.59
18.43
18.97
18.48
19.51
19.05
19.61
19.18
18.7
18.67
19.18
19.29
19.43
19.5
19.55
19.2
18.98
18.99
18.95
19.44
19.18
19.27
19.68
19.46
19.49
19.78
19.51
19.63
19.82
19.77
19.78
19.53
19.7
19.49
19.47
19.83
19.49
19.67
19.66
19.2
19.5
19.45
19.68
19.61
19.66
19.27
19.5
19.37
19.48
19.65
19.76
19.67
19.6
19.6
19.87
19.63
19.56
-99
-99
-99
-99
-99
-99
-99
-99
-99
-99
-99
-99
-99
-99
-99
-99
-99
-99
19.92
19.87
19.73
19.78
19.84
19.88
19.74
19.42
19.52
19.47
19.2
18.56
18.17
18.91
19.1
19.2
18.81
18.61
18.52
19
18.64
18.1
18.72
18.12
18.33
18.23
18.64
18.81
18.47
19.22
19.37
19.2
19.75
19.35
18.92
19.05
19.05
19.04
19.32
19.21
19.36
19.56
18.93
19.57
19.52
19.32
19.45
19.76
19.57
19.88
19.63
19.67
19.5
19.55
19.51
19.77
19.72
19.55
19.5
19.48
19.46
19.66
19.7
19.66
19.56
19.33
19.4
19.46
19.42
19.66
19.77
19.61
19.64
19.74
19.56
19.5
19.54
-99
-99
-99
-99
-99
-99
-99
-99
-99
-99
-99
-99
-99
-99
-99
0.1
-99
-99
19.97
19.93
19.8
19.71
19.76
19.79
19.41
19.55
19.69
19.32
19.1
18.74
18.64
18.81
18.73
19.07
19.18
18.45
17.36
18.31
18.36
18.98
18.71
18.9
17.47
18.61
18.52
17.99
19.51
19.11
19.11
19.47
19.51
19.49
19.29
19.3
19.29
19.48
19.19
18.57
19.5
19.64
19.65
19.57
19.73
19.38
19.52
19.54
19.5
19.65
19.41
19.52
19.41
19.5
19.62
19.78
19.73
19.52
19.58
19.76
19.36
19.41
19.76
19.68
19.37
19.5
19.2
19.3
19.42
19.6
19.76
19.89
19.68
19.66
19.76
19.22
19.06
-99
-99
-99
-99
-99
-99
-99
-99
-99
-99
-99
-99
-99
-99
-99
19.97
-99
-99
19.95
19.82
19.69
19.76
19.76
19.82
19.78
19.51
19.69
19.46
19.42
18.81
19
18.93
19.33
19.3
19.28
17.74
18.64
18.07
18.85
18.85
17.65
18.85
17.55
18.86
18.85
18.1
18.49
18.67
19.2
19.26
19.4
19.32
19.31
19.57
19.68
19.35
19.35
19.26
19.55
19.37
19.57
19.8
19.64
19.79
19.78
19.53
19.71
19.37
19.57
19.58
19.69
19.27
19.39
19.6
19.62
19.58
19.63
19.41
19.53
19.31
19.41
19.38
19.73
19.2
19.38
19.22
19.49
19.71
19.84
19.72
19.77
19.66
19.18
19.28
19.02
-99
-99
-99
-99
-99
-99
-99
-99
-99
-99
-99
-99
-99
-99
-99
19.87
19.94
19.91
19.83
19.78
19.73
19.69
19.78
19.71
19.77
19.72
19.67
19.59
18.91
19.13
19.12
18.97
18.99
19.26
18.48
19.35
19.71
18.82
18.62
18.78
18.76
17.27
18.53
18.78
18.09
18.75
18.62
18.88
18.54
18.74
19.65
19.22
19.64
19.53
19.24
19.26
19.03
19.37
19.43
19.43
19.61
19.54
19.65
19.68
19.7
19.74
19.79
19.72
19.79
19.68
19.89
19.45
19.19
19.17
19.26
19.46
19.46
19.17
19.26
19.32
19.39
19.4
19.18
19.42
19.31
19.58
19.73
19.69
19.76
19.68
19.71
19.53
19.5
19.4
19.39
-99
-99
-99
-99
-99
-99
-99
-99
-99
-99
-99
-99
-99
-99
-99
-99
19.92
19.92
19.82
19.78
19.74
19.83
19.67
19.63
19.89
19.56
19.42
19.52
19.28
19.33
19.33
19.36
18.87
17.45
18.63
18.09
18.26
18.81
18.04
18.61
19
18.79
19.3
18.57
19.12
19.04
17.75
18.77
19.42
19.3
18.52
19.16
19.58
19.31
19.39
19.16
19.11
19.17
19.18
19.54
19.68
19.57
19.7
19.58
19.79
19.71
19.71
19.67
19.8
19.68
19.49
19.32
18.86
19.57
19.67
18.75
18.95
19.41
19.36
19.46
19.42
19.12
19.18
19.44
19.45
19.25
19.67
19.77
19.76
19.82
19.68
19.93
19.81
19.61
19.7
-99
-99
-99
-99
-99
-99
-99
-99
-99
-99
-99
-99
-99
-99
-99
-99
19.99
19.96
19.9
19.8
19.75
19.69
19.75
19.8
19.65
19.65
19.59
19.32
19.41
19.27
19.17
19.29
18.12
18.49
16.54
17.25
18.43
18.01
18.58
17.02
19.17
19.65
18.78
19.66
18.21
18
19.79
18.51
18.63
18.3
19.56
19.49
18.8
19.52
18.85
19.21
19.02
19.01
19.54
19.84
19.54
19.82
19.75
19.88
19.63
19.58
19.73
19.74
19.74
19.94
19.15
18.82
19.28
18.94
19
19.27
19.42
19.54
19.27
19.93
19.44
19.14
18.68
19.53
19.21
19.5
19.86
19.77
19.76
19.88
19.9
19.86
19.84
19.82
19.39
<EndGridData2D>
