PROJ4_STRING              : +proj=longlat +datum=WGS84 +no_defs
COMENT1                   : Grid generated by MOHID Studio
COMENT2                   : Generation Time: 2/13/2026 10:49:33 AM
LATITUDE                  : 40.31
LONGITUDE                 : -8.04
COORD_TIP                 : 4
ILB_IUB                   : 1 60
JLB_JUB                   : 1 95
ORIGIN                    : -8.99 39.71
GRID_ANGLE                : 0
CONSTANT_SPACING_X        : 1
CONSTANT_SPACING_Y        : 1
DX                        : 0.02
DY                        : 0.02
FILL_VALUE                : -99
<BeginGridData2D>
85
112
126
144
138
148
103
75
20
103
65
75
143
147
102
222
255
249
255
224
200
132
143
116
83
77
70
140
243
195
183
211
204
314
351
262
334
228
86.899
372
286
332
318
252
190
313
396
401
364
389
390
360
405
340
344
368
370
280
252
149
185
400
431
185.707
262
234
229
269
314
315
305
184
170
101.096
227
201
168
225
217
245
265
278
286
272
289
361
260
189
167
243
288
312
343
353
311
57
82
95
103
94
92
71
90
8
24
89
109
173
190
107
121
179
292
276
288
261
240
202
169
97
158
94
105
211
241
224
284
341
231
330
284
318
167
137
87.18
274
255
247
227
269
265
275.929
285.327
370
525
504
375
502
436
407
359
319
287
322
273
251
249
202
199
187.429
280
324
341
329
373
373
358
219
197
101.377
101.548
213
220
204
200
240
256
296
402
313
266
233
231
173.667
218
223
238
259
314
334
69
101
85
101
72
75
68
2
36
78
94
70.522
90
96.437
147
207
187
183.971
255
260
251
259
239
151
190
172
96
208
200
201.136
240
228
315
368
287
239
355
255
87.46
249
89.704
221
242
306
248
351
414
392
302
381
566
512
572
445
426
426
377
400
344
260
317
303
199.289
341
299
189.146
189.857
330
370
379
409
369
318
225
215
232
101.828
144
197
208
206
221
327
255
274
239
246
208
221
179.59
227
283
291
265.835
313
66
75
55
78
88
52
22
1
22
27.301
51
144
132
185
212
250
292
322
245
308
303
264
210
251
152
190
106
227
292
284
244
258
244
322
241
163
216
87.741
173
280
89.926
259
280
279.085
375
363
310
338
425
447
431.28
446.368
629
619
570
540
507
359
401
403
561
199.558
306
349
349
216
235
191.563
326
345
383
355
364
344
298
287
251
102.109
102.28
161
145
158
153
167
169.272
221
240
208.222
187
214
192
261
328
311
299
81
40
67
37.862
34.683
65
1.28
0.778
66
117
134
115
116.893
144
220
257
266
225
256
273
254.789
270
269
254
231
175
116
177
264
250
278
287
318
242.5
272
198
109.021
285
406
346
284
304
321
279.49
279.458
291
384
510
433
458
583
466
455.747
531
746
640
510
547
396
489
354
199.771
294
319
328
268
312
294
193.279
315
354
328
376
376
341
339
271
244
139
102.56
102.731
147
159
194
198
199
229
223
235
222
192.442
220
284
304
345
33
26
69
65
53
25
0.497
52
116
155
141
120
152
180
180
180
198
207
187
268
234
229
252.757
291
278
167.28
168
159
435
315
311
341
297
322
291
130.759
144
130.759
285
322
409
360
352
352
292
323
291.451
330
439
592
538
726
603
476
594
945
696
564
527
309.999
394
200
226
318
335
301
376
338
246
195
219.708
307
347
358
385
387
370
351
282
219
135
103.011
103.182
194
194
220
234
240
247
234
192.483
192.459
278
311
334
21
35
57
54
59
47
0.275
11
83
83.171
145
141
169
182
146
131
195
98
113
131
178
282
277
283
190.574
167.599
203
244
359
398
312
269.243
265
429
291
187
156
341
151.388
320
377
392
430
424
383
291.613
414
405
339
481
735
715
906
817
805
752
702
564
456
474
287
371
244
270
319
361
341
303
301
292
273
219.988
277
328
317.492
377
353
364
320
319
257
237
188
137
158
198
216
239
268
240
222
205
206
273
327
11
31
40
60
-0.508
26
0.052
23
61
64.785
93
138
163
169
175
111
79
200
164
129
102
127
231
222
239
167.628
226
242
346
385
331
254.585
248.243
237
326
172
217
333
153.862
151.668
336
349
429
468
557
443
418
516
482
465
603
652
654
796
1013
825
848
692
632
665
524
477
245
286
334
314
300
266
265
220.439
220.268
283
338
317.212
344.243
317.773
359
367
333
293
308
328
240
167
192
180.395
196
221
209
238
224
239
205.558
229
246
-99
-1.243
-0.959
-0.789
2.224
-0.228
2.125
20
71
123
137
167
152
107
172
162
75.019
182
76.216
80
147
200
185
297
181
174
186
222
364
440
391
295
343
225
217
401
433
362
287
154.142
151.949
152.119
291
383
498
470
482
615
603
485
477.432
477.492
606
724
883
975
690
629
535
479
419.947
398
398
370
297
281
311
226
220.72
274
328
364
337
345
352
317.995
365
378
353
296
367
334
277
176
199
180.824
189
208
218
239
240
234
211
229
232
-99
11
30
32
55
52
38
23
45
75
135
167
138
79
128
161
129
70
139
184
199
279
293
250
232
212
182.28
255
315
368
262
230.331
228.669
234
384
444
354
304
356
153.131
333
335
152.399
380
493
652
718
800
814
712
498.591
561
498.519
630
576
661
580
663
727
524
419.485
482
447
392
351
269
261
221
223
232
311
358
374
318.446
318.275
338
370
377
358
307
373
387
326
291
198.715
207
181.906
184.59
216
222
298
262
250
231
221
-99
-99
48
72
62
73
25
31
48
83
138
127
144
56
123
138
122
53
62
119
333
378
551
318
252
186.027
203
209
250
257
257
234
377
288
446
415
497
438
397
381
249
292
378
153.38
452
511
638
744
521
790
725
705
627
528.886
542.639
551.775
576
590.569
646
614
568
522
807
373.861
560
340
273
308
298
253
269
348
367
318.756
326
319.623
376
364
354
337
381
331
253
198.995
277
318
383
332
228
262
273
297
335
309
243
-99
-99
12.604
50
61
86
58
27
76
103
137
99
64
39
92
126
123
40
70
100
229
366
358
345
290
201
270
246
217
261
303
313
469
460
308.501
503
588
490
421
418
314
396
407
247
153.66
422
464
508
424
552
735
933
764
611
607
573
645
705
708
706
644
753
530
489
550
367
357
349
265
325
378
316
417
345
358
331
360
385
392
374
363
373
320
199.217
348
340
403
397
344
229.16
348
344
340
372
367
-99
-99
-99
36
59
58
61
40
72
107
120
85
106
63
30.481
91
123
22
82
79
158
251
334
368
298
244
266
286
297
297
301
266.274
439
597
502
329
438
604
419.673
432
476
451
391
353
272
153.94
155.676
155.846
441
528
695
488
559
513
668
639
606
658
620
653
538
561
579
497.849
534
467
444
281
272
268
306
364
391
400
359
347
380
393
387
323
339
281
199.497
378
348
330.708
371
380
249
230.045
262
349
357
380
412
-99
-99
-99
14
43
56
60
64
77
110
70
122
59
50
25.28
102
114
16
51
90
44
114
216
236
279
295
289
269
357
273
247
282
548
812
522
418
457
698
452
431
522
535
494
368
403
154.162
431
383
156.127
156.297
156.467
156.638
455
484
547
638
732
593
414.85
478
895
574
724
617
625
483
305
369
340
392
326
391
416
360
366
363
411
397
387
343
256
235
236
248
319
348
345
359
264
252
283
357
367
384
380
-99
-99
-99
-99
36
50
48
71
79
96
93
54
2.795
16
68
125
58
8
62
116
38
291
367
287
326
320
282
230
298
481
203.667
257
376
520
756
558
470
727
543
444
583
583
372
462
175.443
375
493
693
633
622
492
404
156.918
157.088
434
510
432
426
406
552
677
659
741
738
764
566
310
446
343
400
450
452
402
410
374
385.328
409
402
375
353
317
267
363
404
350
367
376
362
275
364
314
284.805
285.82
287
343
-99
-99
-99
-99
19
38
45
74
74
99
63
36
32
2.652
86
86
68
7.692
72
49
31
133
293
405
373
363
204
191
330
317
207
203.219
410
557
780
594
508.945
817
640
528
620
474
516
530
332
466
425.728
428.895
441.32
451.999
629
579
561
495
157.369
157.539
157.709
157.879
158.05
450
511
620
767
920
879
684
383
489
387
363
437
505
503
437
399
401
403
406
373
319
358
286
368
387
394
399
388
353
301
340
363
353
373
416
437
-99
-99
-99
-99
-99
39
37
61
79
54.5
68
100
2.641
24
31
90
71
7.385
103
7.512
21
54
69
227
381
359
197.313
178
304
324
197
212
231
525
751
826
707
680
881
698
639
692
800
607
412
533
487
541
528
497
452.309
475
478.903
518
467
616
454
523
442
158.33
158.832
159.003
471
689
688
710
547
565
428
473
549
573
740
463
476
461
386
394
374
328
366
362
299
327
363
379
406
347
318
355
397
425
434
516
477
-99
-99
-99
-99
-99
15
36
56
79
73
48
3
2
39
46
71
62
7.031
7.231
33
32
69
104
256
267
370
54.28
181
244
217
230
192.107
137
204
471
691
608
815
968
932
694
997
866
787
536
493
649
621
561
506
660
532
484
744
540
545
696
643
423
158.552
518
492
461
464.78
627
670
671
596
480
489
701
648
780
888
719
527
444
377
363
370
384
399
368
322
373
421
397
339
334
367
398
443
455
533
500
-99
-99
-99
-99
-99
-99
33
46
75
21
100
42
1.181
69
140
75
62
4.363
7.102
8
104
128
113
101
227
44
225
216
243
239
208
198.222
125
129
183
276
702
727
562
690
1031
1133
921
647
648
644
739
773
598
546
710
771
632
534
661
571
704
616
356
345
405
426.166
522
478
698
628
757
897
872
915
636
712
1046
1091
667
543
471
422
408
401
395
396
398
325
340
338.11
388
392
341
400
407
398.28
466
492
519
-99
-99
-99
-99
-99
-99
22
46
14
14
31
0
70
114
88
72
56.71
1.858
69
75
121
54
5.859
8
27
123
125
203
214
298
179
115
174
138
200
215
273
186
611
776
1089
870
687
729
738
709
937
822
706
701
862
876
742
695
592
896
626
544
491
544
711
425.735
468
475.131
563
716
731
782
574
567
712
524
748
912
965
880
545
480
463
451
460
413
358
382
335
380
344
385
376
420
478
431
419.56
540
527
-99
-99
-99
-99
-99
-99
17
-15.905
14
-47.78
-47.61
30
57
97
80
70
30
1.815
77
109
113
24
5.729
66
54
87
144
247
231
181
161
113.5
295
271
237
200
8.075
172
286
578
380
471
724
603
300
612
781
887
628
870
646
605
832
824
762
855
754
712
673
811
610
673
492
436
555
664
595
518
676
506
459
484
641
837
642
631
615
663
678
697
544
482
460
438
379
348.825
428
354
400
377
423
419
479
538
431
-99
-99
-99
-99
-99
-99
-99
-48.23
-48
-15.455
39
-47.33
-47.16
-46.99
-46.82
-46.65
-46.48
39
107
77
75
2.48
69
7.332
52
56
118
215
245
167
151
112
309
84.183
84.077
23.977
-36.036
63.798
12
12
205
458
405
250
500
397
452.546
467
530
530.482
530.964
539
662
656
916
1184
940
799
788
702
879
865
565
474
375
383
390
411
415
488
658
431
499
453
492
481
450
464
532
510
499
527
566
473
425
349.047
401
378
370
395
395
406
472
477
412
-99
-99
-99
-99
-99
-99
26
33
19
66
79
75
5
1.144
8.98
1.478
-46.4
-46.2
8
2.941
2.321
65
7
76
112
104
113
143
193
-41
-40
290
255
74.015
33.904
-36.428
-36.258
-35.756
-35.586
-35.416
234
531
354
234.28
600
665
653
670
678.28
738
645
533.453
534.301
534.331
552
628
670
816
881
845
932
825
667
417
397
359.251
359.081
358.911
437
537
654
445
357.397
441
444
425
401
351.068
509
456
470
536
482
416
382
349.269
425
390
416
397
456
461
467
475
465
-99
-99
-99
-99
65
81
86
98
93
113
79
58
4
3
17
14
23.03
23.1
-45.92
-45.75
56
6.332
95
59
94
93
139
155
3.697
-43.612
143
-37.218
-37.048
-36.878
-36.708
13.624
104.103
183
325
308
216
219.568
223.136
242
239.084
253.029
669
592
604
873
678
718
536.28
793
968
686
651.023
807
1139
1157
894
766
555
604
443
557
414
491
358.631
358.461
358.291
441
357.619
357.117
409
351.518
351.348
438
350.789
350.619
350.449
350.279
463
498
349.549
457
444
468
445
438
453
532
548
655
563
-99
-99
-99
-99
97
248
184
135
92
90
52
17
80
4
17
15
63
19
21.38
21.55
-45.47
-45.3
-45.13
-44.961
47
20
92
107
-43.892
85
-43.332
71
386
300
164
193
169
103.823
202
372
401
361
475
528
429
443
581
580
579
517
594
798
902
887
1050
777
930
802
896
1010
786
705
567.398
616
455
510
614
437
568
554
467
358.011
357.841
356.894
351.798
488
459
497
524
483
452
449
349.999
349.829
467
513
571
703
612
628
572
628
554
552.111
537
-99
-99
-99
-99
-99
22
41
54
66
76
70
59
8
5.835
65
19
65
61
78
20
2.83
41
29.201
24.011
-44.681
-44.511
-44.341
-44.171
91
137
225
-43.052
-42.882
376
337
179
5.18
5.274
304
436
239
376
305
273
207.692
204
162
244
191
394
635
699
461
499
803
864
892
1205
1077
1205
1112
653
638
882
661
668
581
502
489
652
572
619
595
377.672
352.021
460
536
706
742
590
511
563
486
432
431
433
475
486
482
465
471
479
579
672
607
-99
-99
-99
-99
-99
-49.912
44
49
58
51
24.5
21
19
13
33
73
74
135
77
6
40
81
77
35
7.291
57.461
7.631
39
95
131
91.862
310
425
-42.602
-42.433
5
5.151
299
257
6.678
-40.754
-40.584
-40.415
-34.297
7
7.334
8.345
131
240
373
316
469
447
669
533
889
654
914
561
657
972
827
799
788
663
621
710
598
549
551
551.222
706
727
522
377.392
352.3
454
461
495
498
568
578
549
597
477
445
436
442
456
531
478
574
569
830
736
-99
-99
-99
-99
-99
-99
26
35
48
54
56
53
16.343
69
66
79
102
134
88
61
72
85
90
57
8.731
52
7.853
42
36
91.582
186
431
504
222
262
-42.153
190
66.064
72.627
-41.034
56.793
56.963
193
187
256
248
297
210
176
223
227
227
363
481
522
411
507.087
701
944
523.286
748
631
580
740
965
913
1120
964
673
767
625
956
955
700
479
467
352.58
420
439
449
535
483
491
544
591
585
462
585
492
488
602
545
546.298
546.645
660
-99
-99
-99
-99
-99
-99
10
31
41
54
49
63
26
69
80
86
89
113
105
103
108
92
52
39
90
42
84
8.133
8.302
43
258
360
300
315
174
160
-41.873
72.622
-41.314
6.513
220
223
198
215
248
337
282
253
276
195.501
198
201.939
316
337
337
674
690
709
907
510
621
561
490
570
710
798
1232
1388
911
1119
1362
1071
1278
775
599
468
446
352.86
353.03
405
427
436
463
522
579
687
603
519
788
534
594
685
731
594
748
-99
-99
-99
-99
-99
-99
-99
24
31
48
50
65
75
74
80
67
58
105
115
95
98
98
65
108
40.5
79
85
93
33.228
76
196
243
258
283
369
160
-22.707
-41.593
69.151
148
189
193
275
238
254
289
255
294
293
269
236
252
282.693
282.9725
283.252
283.422
331
331
332
367
402
435.219
691
720
688
822
921
1080
1528
1607
1735
1489
1298
1022
771
505
451
552
438
440
453
453
499
443
502
495
519.5
519.284
519.226
606
755
774
820
705
824
-99
-99
-99
-99
-99
-99
-99
13
21
39
47
55
64
71
69
40
38
78
109
89
71
77
93
84
85
70
122
124
101
119
146
203
224.5
465
187
195
151
-28.689
-9.034
189
204
230
187
229
7.476
182
222
282
306
354
369
356
449
468
498
516
285.324671555908
285.346416570219
552
564
519
573
565
584.5
604
1042
1484
1860
1932
1774
1536
1612
1630
1399
1138
882
591
584
438.202
484
470
438.578
438.719
473
471
588
589
593
574
744
674
728
840
844
813
-99
-99
-99
-99
-99
-99
-99
12
19
28
40
48
58
52
23
32
57
73
69
70
82
87
113
124
122
104
93
59
102
122
216
225
370
224
279
256
217
220
-28.41
-28.24
-28.1
-8.415
-8.246
-8.076
20.72
21.222
202
261
282
288
346
373
394
424
445
502
525
455
286.660074166728
465
708
761
685
926
1144
1075
1509
1814
1831
1586
1484
1422
1411
1213
952
973
743
741
673
438.412
438.524
687
494
439
440
444
490
561
563
765
787
772
812
788
754
-99
-99
-99
-99
-99
-99
-99
-99
17
26
38
43
45
15
40
27.981
31
38
41
42.509
42.821
73
100
110
123
76
60
43
106
124
214
429
324
244
134
114
100
168
-24.047
100
-27.96
100
213
226
-7.796
-7.627
187
184
251
273
276
276
276.755
339
352
381
501
549
568
288
298.169
489
672
721
1030
1500
1619
1591
1688
1684
1591
1196
1424
1321
856
612.304
1002
722
968
667
484
455
506
466
542
552
458
547
662
624.642
784
877
812
744
739
-99
-99
-99
-99
-99
-99
-99
-99
13
20
0.048
-0.121
-0.291
10
48
58
63
42
68
81
96
103
74.5
112
107
31
32
40
104
108
209
378
236
278
258
255
153
-23.768
176
100
10.876
-27.681
11
229
230
194.433
21.594
23.764
23.933
166
235
278
323
320
335
414
416
431
499
437.653
503
438.918
457.814
522
581
1143
1317
1575
1473
1588
1606
1262
1090
1038
1102
659
580
604
698
846
592
456
506
558
504
536
529
662
788
803
834
845
835
824
840
-99
-99
-99
-99
-99
-99
-99
-99
11
26
20.5
28
-2.635
48
65
68
70
72
63
78
92
104
99
76
56
27
38
64
94
164
172
277
229
234
312
216
-10.038
94.426
6.102
187
100
6.553
227
13.312
14.713
249
262
252
227
32.213
32.382
287
306
345
296.72
300
406
436
469
433
443
489
519
650
684
587
662
728
1229
1389
1469
1358
744
710
670.002
829
862
570.478
570.455
570.377
570
509
464
612
632
712
705
652
802
883
868
798
781.333
806
809
-99
-99
-99
-99
-99
-99
-99
-99
-99
20
23
-2.914
10
42
26
55
62
75
59.114
81
73.216
79
84
95
111
62
16
67
62
138
109
155
184
259
176
5.78
5.922
52.51
6.212
227
270
182
221
238
203
14.993
226
268
311
281
271
72.661
72.831
275
320
327
309.5
350
381
451
480
477
472
445.667
650
684
684
1247
1250
1364
1317
916
1272
1054
959
702
768
576
737
570.37
834
721
583
476
511
588
915
774
834
834
813
764
760.758
757.974
769
-99
-99
-99
-99
-99
-99
-99
-99
-99
15
18
-3.137
35
18
39
54
65
35
60
76
55.114
57
99
92
76
51
13
38
33.473
45
162
285
225
432
213
214
6.044
229
173
286
297
189.976
299
263
277
229
15.272
206
226
252
293
282
302
119
338
325
371
314
318
339
401
401.754
424
454
447.334
482
684
947
948
1117
1420
1373
957.106187634015
982
1123
941
1121
1054
996
907
644
1097
734
690
486
536
652
887
829
818
793
844
789
801
753
-99
-99
-99
-99
-99
-99
-99
-99
-99
9
-3.416
15
1
33
40
49
51
23
55
52
78
75
54
98
55
80
4
26
87
104
124
187
356
392
235
305
209
367
287
387
259
237
190
292
310
254
286
35.551
266
288
271.343
277
327
298
160
333
329
365
391
391
424
466
436
449
451
447.743
499
574
770
936
1023
1463
1406
1182
941
939
935
1213
1015
967
1032
913
1078
776
667
743
579
819
881
841
825
817
767
762
735
-99
-99
-99
-99
-99
-99
-99
-99
-99
-99
16
23
1.222
31
22.5
47
37
12.471
27
22.097
73
54
20.5
83
61
52
3.677
32
33
49
122
187
269
327
352
403
339
404
329
252
280
237
200.37
200.42
314
325
258
136
65.831
282
319
326
282
337
356
202
205.223
333
403
377
393
381
389
432
475
496
462
526
578
751
946
1099
1359
1410
1262
1095
1072
933
930.749
929.939
1014
969
888
819
976
864
864
852
885
884
846
809
817
818
803
-99
-99
-99
-99
-99
-99
-99
-99
-99
-99
-53.203
21
24
29
41
16
30
11.084
14
60
70
53
67
11
58
47
3.354
57
66
72
122
205
222
478
557
608
680
558
527
335
251
200.667
203
200.58
351
378
238
159
301
143
212
287
348
358
358
316
336
205.502
205.672
205.841
206.01
421
480
414
459
506
411
467
520
565
717
841
876
1010
1069
1144
1097
1152
947.991
942.111
628.81
928
812
885
909
852
912
814.386
824
806.338
777.41
771
769
767
765
-99
-99
-99
-99
-99
-99
-99
-99
-99
-99
-53.425
25
23
32
30
1.89
8.169
70
38
62
38
59
55
4
27
24.279
3.031
7
21
70
121
185
284
443
371
348.001
381
611
638
452
236
201
217
203
308
284
247.308
167
281
336
194
235
287
357
377
406
420
400
277
373
380
206.289
206.458
284.022
425
431
398
431
446
514
487
520
578
640
740
950
1066
1226
1206
980
961
603
873
805
906
971
811
809.255
809.242
811
833
845
807
828
819
-99
-99
-99
-99
-99
-99
-99
-99
-99
-99
-99
7
28
21
1.688
9
30
60
32
52
36
61
55
65
2.639
2.676
74
78
81
88
92
125
271
223.873
333
618
496
731
854
926
624
243
308
237
341
248
290
300
177
210
352
216.827
365
351
431
411
425
420
348
352
422
464
403
206.737
206.906
370
406
421
313.552
434
402
439
462
482
543
651
823
1092
1248
1161
1127
1001
565
734
843
940
923
822
809.276
865
824
785
770
766
737
-99
-99
-99
-99
-99
-99
-99
-99
-99
-99
-99
6
23
24
1.476
1.445
19
64
54
5.885
4
2.348
12
1.986
42
58
51.234
52.277
57
57.377
90
118
184
284
498
322
414
653
767
930
826
492
299
280
299
399
253
301
322
189.805
324
369
295
318.229
365
369
411
454
420
384
405
480
459
440
414
262.935
263.103
263.272
311
311.962
377
340.882
384
423
475
515
583
845
920
938
874
994
675
515
674
991
894
821.113
843
890
789.362
792
791
756
784
-99
-99
-99
-99
-99
-99
-99
-99
-99
-99
-99
6
11
20
21
1.222
28
49
62
54
61
42
2.076
1.949
21
30
54
74.148
100
121
57.42
177
119
127.5
136
209
553
674
815
970
1022
767
471
325
354
416
303
387
351
355
223
317
410
298.89
300.578
402
375
411
458
424
451
420.578
523
524
529
495
459
403
427
441
340.602
341.104
376
405
415
482
469
650
758
1001
781
686
671
533
476
781
904
919
883
801
822
838
848
846
814
-99
-99
-99
-99
-99
-99
-99
-99
-99
-99
-99
-99
-99
17
8
1
20
30
53
56
23
84
35
0.104
42
89
84
80
110
152
80
120
417
413
236
388
452
553
576
693
805
951
573
425
430
367
353
468
349
314.634
264.773
368
415
430
340
304.39
368
396
477
489
512
512
507
573
660
655
733
670
527
514
397
374
341.383
445
452
461
519
491
599
703
752
469
571
685
440.14
594
750
924
901
840
889
766
797
803
780
-99
-99
-99
-99
-99
-99
-99
-99
-99
-99
-99
-99
-99
10
16
-99
14
28
60
50
43
2.037
-0.175
29
0.383
0.552
82
1.222
60
123
122
90
179
436
399
479
621
555
634
580
577
728
879
713
437
402
391
463
390
359
438
395
406
378
463
387
308.279
308.551
374
451
465
511
441
442
450
452
477
626
600
547
529
546
513
341.662
341.831
342
486
387.279
442
515
573
506
459
439.99
439.677
533
769
774
925
796
874
768
713
711.87
772
-99
-99
-99
-99
-99
-99
-99
-99
-99
-99
-99
-99
4
6
11
-99
-99
20
36
52
2.181
-0.454
51
71
72
65
0.831
1
107
94
165
201
174
175.884
293
375
357.426
359.175
478
519
678
849
929
1029
726
477
463
464
438
370
421.279
398.5
449
473
448
465
469
344
309
360.169
376.059
380.327
389.164
398
485
490
453
461
463
467
585
662
732
698
511
462
387
458
387.521
441
440.303
431
445
436
497
582
761
727
767
798
785
743
721
713
710
-99
-99
-99
-99
-99
-99
-99
-99
-99
-99
-99
-99
3
-99
-99
-99
-99
-99
27
30
2.202
-0.677
12
37
100
109
1.279
75
79
181
249
368
411
422
393
348.279
358.511
392
497
575
678
653
807
882
774
543
528
522
475
371.51
444
402
408
423.068
432.109
514
515
452
322
425
418
458
401
477
400.852
400.855
400.86
527
672
607
632
593
595
692
706
699
418.482
484
411
408.721
409.64
410.56
411.479
477
571
541.501
722
717
697
740
679
751
767
749
716
-99
-99
-99
-99
-99
-99
-99
-99
-99
-99
-99
-99
14
4
-99
-99
4
-99
21
23
-0.956
2.106
73
91
116
125
62
1.445
102
93.337
96.043
203
409
479
706
411
395
425
394.226
401
455
472
662
801
829
639
416.209
510
479
384
513
509
452
509
484
453
549
586
482
346
494
511
419.506
402.843
491
540
583
401.107
401.613
403
403.056
435
461
608
704
689
461
501
522
469
414
413
434
461
565
570
706
689
713
643
598
738
709
652
683
-99
-99
-99
-99
-99
-99
-99
-99
-99
-99
-99
-99
-99
12
-99
-99
8
1
1
-2.358
2.356
7
66
128
148
142
4
82
152
166
98.103
100.235
333
417
709
738
514
466
419
424
393
483
520
699
556
536
410
424
549
510
531
546
523
591
529
520
587
571
543
466
392.279
394.624
481
476
474
476.356
501
564
556
407.885
408.005
425.224
619
495
703
746
514
492.574
645
489
601
456
414
450
473
600
679
669
699
589.804
601
691
688
719
606
-99
-99
-99
-99
-99
-99
-99
-99
-99
-99
-99
-99
-99
4
3
-99
-99
4
-99
1
2.478
2.626
60
109
142
178
79
96
307
98.795
291
199
105
424
493
401
490
544
488
499
448
388
454
258
438
357
320
408
458
466
448
468.334
535
569
620
640
655
558
604
583
474
535
530
630
566
542
479.644
482
549
639
593
408.176
627
662
601
643
740
530
710
783
723
504
536
444
529
678
662
668
582.152
584.031
676
661
644
627
626
-99
-99
-99
-99
-99
-99
-99
-99
-99
-99
-99
-99
-99
14
11
-99
3
5
4
-99
2.622
29
40
94
126
177
86.54
148
319
190
380
316
168
108.483
198
342
362
301
119
147.71
147.878
148.047
148.215
148.384
148.553
148.721
235
215
303
430
565
578
571
498
550
546
521
518
570
660
543
584
584
558
586
619
657
566
538
542.142
727
552
463.839
632
717
640
649
709
649.511
899
744
800
647
547
762
748
659
643
575.837
642
649
649
672
582
640
-99
-99
-99
-99
-99
-99
-99
-99
-99
-99
-99
-99
-99
-99
3
-99
-99
11
10
14
15
11
24
70
137
174
194
254
189
435
417
555
382
329
111.163
112.692
114.334
115.829
331
390
338
407
338
339
389
341
149
234
315
307.5
315
321.777
447
455
456.25
457.5
458.75
460
502
666
662
656
671
695
650
636
709
692
645
600
601
636
705
578
765
728
666.008
797
872
791
738.79
802
777
745
745
743
586
571
557
556
616
620
651
578
643
-99
-99
-99
-99
-99
-99
-99
-99
-99
-99
-99
-99
-99
-99
10
-99
-99
7
19
27
26
54
79
87
109
190
199
253
245
456
600
807
695
575
416
316
163
380
452
704
523
399
405
341
348
293
188
455
446
504
333
464
335.436
540
581
632
602
557
607
617
623.533
624
627.5
631
633.061
634.829
675.86
675.95
695
736
621.556
625
723
725
702
765
751
816
824
710
747
827
747
646
690
686
598
529
523
540
614
642
606
594
527
-99
-99
-99
-99
-99
-99
-99
-99
-99
-99
-99
-99
-99
-99
-99
-99
-99
-99
1
2.293
2.641
32
80
112
88.247
231
228
300
325
594
742
803
782
614
458
538
257
463
760
836
791
536
738
479
426
422
209
483
508
519
488
431
371
357
435
484
611
786
666
683
815
671
653
774
672
703
713
691
706
676
728
700
705
764
743
774
703
655.154
689
770
805
805
770
669
593
536
583
538
473.858
487
514
582
578
598
507
-99
-99
-99
-99
-99
-99
-99
-99
-99
-99
-99
-99
-99
-99
-99
12
-99
-99
7
4
32
78
102
132
88.261
88.439
259
162
202
240
533
570
773
723
627
602
346
562
593
887
960
935
1021
737
722
658
480
288
382
433
573
531
458
557
543
543
749
847
745
685
734
736
756
789
700
785
737
766
692.691
795
770
830
781
752
755
635
633.871
668
662.301
822
778
769
851
707
572
516
483
482
478
472.4
536
522
541
466
454
-99
-99
-99
-99
-99
-99
-99
-99
-99
-99
-99
-99
-99
-99
-99
15
-99
-99
14
3.68
28
87
115
142
137
201
151
212
303
209.232
295
428
562
597
762
955
824
906
742
826
1093
917
1050
735
891
447
445
300.525
331
561
500
637
481.07
550
546
689
654
655.279
657.186
659.093
661
727
730.387
776
751
816
822
859
737
837
848
871
797
756
729
632
633.129
707
709
864
888
764
791
813
689
648
594
533
485
465
481
547
610
573
327
-99
-99
-99
-99
-99
-99
-99
-99
-99
-99
-99
-99
-99
-99
-99
6
11
12
3.279
4
73
106
136
189
139.218
152
241
248
430
238
322
466
471
674
658
881
988
1046
1034
758
754
477
585
676
924
846
729
369
358
595
580
641
556
580
684
675
537
692
769
658.661
739
799
791
799
768
752
798
820
861
810
839
912
687
649
625.91
712
736
725
890
804.547
937
825
690
782
765
627
569
529
511
515
440.445
527
479
464
417
-99
-99
-99
-99
-99
-99
-99
-99
-99
-99
-99
-99
-99
-99
-99
-99
24
24
34
52
64
121
150
192
189
148
258
262
318
427
522
491
722
846
842
964
1030
1013
928
616
598
434.032
695
775
601
668
835
726
418
545
763
667
653
557
524.119
526
562
800
840
706
794
835
845
866
815
780
765
779
837
852
853
826
839
624
697
903
902
739.199
906
945
904
851
664
792
679
571
538
533
473
469
440.445
440.279
480
401
429
-99
-99
-99
-99
-99
-99
-99
-99
-99
-99
-99
-99
-99
-99
-99
-99
26
26
34
77
89
97
122
198
219
175
224
383
306
504
575
541
405
571
420
551
769
700
634
345
409
624
615
610
471
438
690
450
443
353
616
636
444
521
702
654
649
724
818
824
754
801
815
813
875
849
817
774
827
844
720
681
702
620
724
742
823
839
833
895
819
768
636
738
761
584
539
497
468
460
440
440
443
479
316
<EndGridData2D>
