PROJ4_STRING              : +proj=longlat +datum=WGS84 +no_defs
COMENT1                   : Grid generated by MOHID Studio
COMENT2                   : Generation Time: 2/13/2026 10:49:33 AM
LATITUDE                  : 40.31
LONGITUDE                 : -8.04
COORD_TIP                 : 4
ILB_IUB                   : 1 60
JLB_JUB                   : 1 95
ORIGIN                    : -8.99 39.71
GRID_ANGLE                : 0
CONSTANT_SPACING_X        : 1
CONSTANT_SPACING_Y        : 1
DX                        : 0.02
DY                        : 0.02
FILL_VALUE                : -99
<BeginGridData2D>
65.02
92.26
106.24
124.35
118.29
128.46
83.09
55.25
0.260000000000002
83.39
45.3
55.4
123.29
127.23
82.38
202.56
235.61
229.34
235.25
204.32
180.45
112.71
123.44
96.37
63.57
57.13
50.44
120.41
223.5
175.16
163.56
191.51
184.38
294.15
331.66
242.44
314.77
208.64
67.189
353.18
266.82
312.51
298.55
232.08
170.4
293.29
376.86
381.55
344.85
369.48
370.53
341.01
385.22
320.81
324.38
348.31
350.33
260.29
232.2
129.98
165.54
381.23
412.47
165.767
242.29
214.48
209.58
249.41
294.31
295.26
285.43
164.79
150.76
81.516
207.55
181.4
148.42
205.12
197.07
225.16
245.26
258.2
266.52
252.23
269.48
341.62
240.12
169.21
147.41
223.32
268.43
292.5
323.48
333.4
291.02
37.35
62.11
75.14
83.19
74.23
72.18
51.27
70.28
-11.58
4.23
69.1
89.2
153.54
170.49
87.47
101.43
159.26
272.38
256.33
268.34
241.3
220.26
182.47
149.36
77.3
138.46
74.45
85.49
191.18
221.18
204.12
264.45
321.53
211.51
310.38
264.34
298.51
147.91
117.99
67.54
254.41
235.48
227.31
207.29
249.32
245.66
256.559
265.917
350.15
505.99
484.69
355.77
482.66
416.48
387.29
339.2
299.49
267.47
302.63
253.4
231.55
229.64
182.81
179.7
167.789
260.32
304.51
321.57
309.22
353.29
353.46
338.59
199.55
177.35
82.007
82.088
193.2
200.35
184.22
180.16
220.17
236.28
276.28
382.77
293.39
246.1
213.36
211.21
153.887
198.24
203.38
218.39
239.32
294.1
314.31
49.07
81.23
65.07
81.13
52.14
55.16
48.23
-17.8
16.19
58.29
74.36
50.882
70.48
76.857
127.37
187.39
167.65
164.441
235.34
240.13
231.21
239.27
219.19
131.29
170.2
152.42
76.52
188.54
180.44
181.436
220.19
208.26
295.32
348.56
267.39
219.35
336.27
235.54
67.94
229.66
70.644
201.48
222.15
286.34
228.33
331.39
394.72
372.45
282.75
361.4
546.83
492.38
552.9
425.72
406.68
406.62
357.51
380.47
324.36
240.91
297.56
283.73
179.639
321.6
279.45
169.756
170.337
310.19
350.42
359.2
389.36
349.31
298.4
205.61
195.59
212.42
82.368
124.49
177.28
188.36
186.26
201.42
307.84
235.51
254.52
219.27
226.17
188.2
201.06
159.71
207.12
263.39
271.22
246.135
293.01
46.22
55.05
35.22
58.12
68.18
32.18
2.24
-18.7
2.34
7.691
31.31
124.25
112.22
165.42
192.41
230.38
272.52
302.57
225.22
288.38
283.27
244.09
190.38
231.2
132.26
170.37
86.55
207.54
272.59
264.27
224.19
238.27
224.33
302.17
221.31
143.85
196.26
68.821
153.79
260.91
71.276
239.48
260.19
259.285
355.48
343.48
290.61
318.45
405.35
427.73
411.62
427.058
610
599.94
550.67
520.91
487.64
339.39
381.67
383.36
542.76
180.208
286.28
329.49
329.49
196.56
215.41
172.103
306.18
325.44
363.25
335.2
344.34
324.34
278.46
267.58
231.39
82.639
82.79
141.29
125.33
138.48
133.38
147.54
149.642
201.19
220.16
188.392
167.18
194.11
172.29
241.28
308.42
291.15
279.14
61.22
20.14
47.11
18.062
14.863
45.25
-18.5
-18.942
46.37
97.33
114.27
95.26
97.183
124.22
200.26
237.38
246.38
205.27
236.32
253.32
234.969
250.26
249.15
234.3
211.33
155.36
96.5
157.8
244.38
230.52
258.22
267.21
298.16
222.69
252.62
178.37
89.231
265.57
387.43
326.98
264.25
284.69
301.31
259.81
259.808
271.19
364.32
491.02
413.66
438.28
563.75
446.72
436.567
511.48
727.42
620.54
491.19
527.63
376.53
469.52
334.71
180.991
274.47
299.27
308.3
248.51
292.45
274.39
173.809
295.43
334.38
308.39
356.25
356.23
321.21
319.37
251.68
224.55
119.62
83.01
83.141
127.11
139.18
174.28
178.14
179.2
209.09
203.16
215.1
202.21
172.672
200.39
264.3
284.15
325.24
13.03
6.23
49.19
45.08
33.06
5.16
-19.283
32.26
96.45
135.34
121.19
100.16
132.15
160.26
160.29
160.31
178.45
187.38
167.48
248.48
214.4
209.29
232.897
271.35
258.43
147.59
148.16
139.7
416.19
295.24
291.38
321.34
277.4
302.25
271.68
111.379
124.77
111.369
265.27
302.62
389.49
340.36
332.41
332.38
272.26
303.45
272.041
310.44
419.29
573
518.68
707.07
583.95
457.86
574.87
926.8
676.7
544.83
507.26
290.529
374.7
180.67
206.55
298.19
315.31
281.17
356.49
318.37
226.39
175.61
200.198
287.32
327.34
338.28
365.21
367.47
350.3
331.58
262.6
199.59
115.59
83.531
83.722
174.14
174.12
200.17
214.15
220.12
227.11
214.16
172.693
172.699
258.29
291.32
314.32
1.05
15.12
37.12
34.15
39.13
27.26
-19.505
-8.69
63.32
63.391
125.22
121.14
149.16
162.1
126.22
111.38
175.21
78.49
93.62
111.39
158.43
262.55
257.47
263.23
170.894
148.029
183.27
224.69
339.69
378.43
292.29
249.513
245.3
409.98
271.65
167.56
136.43
322
132.048
300.54
357.58
372.27
410.47
404.61
363.42
272.313
394.54
385.42
320
461.39
715.9
695.82
887.73
798.41
785.88
733.01
682.91
544.92
437.24
454.61
268.2
351.79
224.7
250.35
299.1
341.23
321.26
283.3
281.46
272.39
253.31
200.428
257.28
308.18
297.692
357.12
333.15
344.22
300.37
299.44
237.53
217.55
168.45
117.44
138.23
178.09
196.12
219.15
248.25
220.18
202.13
185.19
186.31
253.28
307.4
-8.87
11.16
20.18
40.22
-20.328
6.19
-19.808
3.27
41.31
45.095
73.29
118.09
143.18
149.08
155.23
91.38
59.46
180.6
144.36
109.24
82.58
107.5
211.35
202.29
219.42
147.788
206.23
222.59
326.66
365.22
311.49
235.105
228.723
217.37
306.74
152.78
197.86
313.9
134.862
132.308
316.78
329.65
409.65
448.59
538.17
423.32
398.69
496.71
462.38
445.97
583.85
632.99
634.83
776.7
994.39
805.6
829.29
672.72
612.68
646.71
504.66
457.99
225.76
266.35
314.32
294.09
280.28
246.36
245.2
200.869
200.748
263.2
318.29
297.382
324.373
297.983
339.15
347.14
313.23
273.35
288.21
308.53
220.47
147.31
172.16
160.545
176.13
201.15
189.16
218.12
204.11
219.14
185.768
209.25
226.16
-99
-21.043
-20.719
-20.559
-17.486
-20.058
-17.675
0.18
51.19
103.32
117.29
147.25
132.21
87.31
152.3
142.29
55.469
162.39
56.736
60.5
127.37
180.4
165.45
277.34
161.27
154.33
166.3
202.46
344.45
420.9
371.58
275.32
323.74
205.51
197.55
381.57
413.89
342.65
267.59
135.142
132.629
133.259
271.65
363.99
478.63
450.73
463
596.12
583.94
465.82
458.332
458.102
586.54
705.3
864.1
956.7
670.34
609.65
515.76
459.9
400.777
378.62
378.5
350.46
277.27
261.29
291.32
206.27
200.82
254.27
308.49
344.41
317.2
325.11
332.21
298.205
345.16
358.16
333.26
276.33
347.34
314.3
257.51
156.45
179.27
160.904
169.11
188.08
198.11
219.23
220.08
214.21
191.21
209.12
212.01
-99
-8.83
10.25
12.19
35.26
32.24
18.17
3.17
25.28
55.28
115.18
147.17
118.27
59.49
108.24
141.31
109.3
50.13
119.37
164.74
179.67
259.98
273.37
230.78
212.45
192.19
162.42
235.42
295.68
348.45
242.43
211.121
208.909
214.85
364.54
424.52
334.35
284.77
336.56
133.971
313.8
315.63
133.059
360.5
473.87
632.95
699.04
781.7
795.1
692.97
479.541
541.64
479.379
610.65
557.1
641.81
560.86
643.46
708.06
504.5
400.155
462.99
427.49
373.21
331.22
249.65
241.32
201.39
203.3
212.37
291.33
338.26
354.21
298.636
298.325
318.16
350.21
357.11
338.19
287.4
353.34
367.48
306.51
271.28
178.995
187.48
162.466
165.09
196.34
202.14
278.28
242.28
230.25
211.24
201.34
-99
-99
28.13
52.23
42.13
53.14
5.16
11.17
28.23
63.27
118.29
107.16
124.42
36.35
103.3
118.14
102.31
33.44
42.34
99.46
313.83
358.77
532.71
298.32
232.33
166.447
183.19
189.36
230.24
237.26
237.35
214.6
357.78
268.63
426.51
395.66
477.46
418.59
377.8
361.32
229.88
272.56
358.34
134.44
432.9
492.12
618.93
725.24
501.91
771.31
705.99
685.89
607.69
509.576
523.179
532.135
556.54
571.139
626.46
594.77
548.8
502.55
788.97
354.621
541.28
320.56
253.4
288.4
278.39
233.4
249.41
328.29
347.23
299.096
306.08
299.853
356.17
344.08
334.21
317.24
361.17
311.16
233.61
179.705
257.4
298.66
363.77
312.62
208.39
242.44
253.31
277.25
315.4
289.42
223.5
-99
-99
-7.106
30.05
41.09
66.24
38.11
7.18
56.21
83.24
117.26
79.2
44.17
19.47
72.2
106.19
103.39
20.41
50.22
80.62
209.77
346.81
338.31
325.63
270.45
181.38
250.33
226.21
197.35
241.16
283.28
293.46
450.33
440.28
289.271
483.23
569.06
470.39
401.45
398.44
294.61
376.44
387.83
227.9
134.65
403.18
445.68
489
405.88
532.81
715.96
915
745.46
591.34
587.46
553.29
625.3
685.66
688.56
686.8
624.43
734.11
510.4
469.93
530.93
347.94
337.45
329.53
245.13
305.28
358.5
296.32
397.42
325.18
338.23
311.23
340.16
365.08
372.27
354.13
343.32
353.6
300.41
179.717
328.4
320.26
383.45
377.63
324.43
209.33
328.45
324.31
320.22
352.39
347.25
-99
-99
-99
16.13
39.15
38.04
41.12
20.2
52.22
87.23
100.09
65.2
86.26
43.13
10.831
71.22
103.38
2.48
62.24
59.39
138.67
231.66
314.64
348.58
278.37
224.27
246.21
266.28
277.25
277.35
281.18
247.234
420.2
577.96
482.78
310.07
418.7
584.88
400.313
412.42
456.43
431.52
371.56
333.79
252.69
135.43
137.176
137.356
421.92
509.87
677.59
469.58
540.6
493.78
648.65
619.4
586.31
638.67
600.6
633.97
518.85
542.08
559.55
478.629
514.61
447.91
424.51
261.31
252.62
248.43
286.36
344.28
371.27
380.19
339.08
327.19
360.16
373.1
367.12
303.43
319.31
261.34
179.957
358.51
328.46
310.918
351.16
360.37
229.5
210.615
242.39
329.17
337.1
360.12
392.24
-99
-99
-99
-5.76
23.07
36.06
40.08
44.07
57.16
90.17
50.17
102.3
39.14
30.25
5.66
82.3
94.41
-3.54
31.29
70.28
25
95.05
196.59
216.68
259.31
275.13
269.25
249.13
337.68
253.26
227.56
262.62
529.15
794.09
502.54
398.88
438.15
679.64
432.81
411.57
502.53
515.74
474.54
348.56
383.69
135.012
412.55
364.15
138.567
139.197
138.977
138.908
435.78
465.13
527.98
618.84
713.23
573.69
395.97
458.84
877.05
554.55
704.83
597.7
605.81
463.97
286.04
349.46
320.53
372.56
306.53
371.28
396.2
340.16
346.21
343.14
391.21
377.11
367.21
323.19
236.36
215.62
216.69
228.65
299.36
328.09
325.16
339.4
244.62
232.17
263.36
337.37
347.34
364.34
360.33
-99
-99
-99
-99
16.1
30.09
28.11
51.08
59.13
76.18
73.19
34.09
-16.855
-3.75
48.24
105.37
38.29
-11.52
42.25
96.47
18.42
272.04
348.16
267.3
306.42
300.43
262.35
210.55
278.32
462.39
184.127
237.9
357.57
500.71
737.34
538.72
451.33
708.51
523.99
424.81
563.65
563.45
352.76
442.49
156.973
355.32
473.96
675.34
614.97
603.99
473.42
385.21
138.848
139.028
415.05
491.71
413.63
407.52
386.98
533.63
658.04
639.99
722.05
718.53
745.18
547.45
291.39
426.66
323.43
380.33
430.46
432.4
382.34
390.27
354.2
365.468
389.12
382.1
355.25
333.28
297.25
247.42
343.61
384.53
330.34
347.21
356.16
342.36
255.44
344.44
294.3
265.245
266.47
267.73
323.4
-99
-99
-99
-99
-0.82
18.03
25.09
54.13
54.1
79.14
43.16
16.28
12.2
-17.178
66.31
66.21
48.35
-11.838
52.42
29.19
11.7
113.9
273.56
385.85
353.53
343.54
184.57
171.56
310.73
297.47
187.79
183.589
391.02
538.6
761.39
574.99
490.285
798.41
620.68
508.95
600.64
455.25
496.69
511.6
313.15
446.7
406.688
409.655
422.36
432.529
609.92
560.31
542.23
475.79
139.449
139.589
140.269
139.839
139.87
431.01
492.59
601.4
748.46
901.8
860.44
665.06
364.34
469.79
367.6
343.64
417.4
485.78
483.45
417.78
379.27
381.22
383.15
386.15
353.2
299.28
338.23
266.36
348.33
367.31
374.21
379.2
368.17
333.34
281.4
320.3
343.26
333.41
353.66
396.5
417.81
-99
-99
-99
-99
-99
19.07
17.14
41.13
59.1
34.6
48.24
80.45
-17.239
4.2
11.23
70.17
51.25
-12.295
83.56
-12.288
1.36
34.59
50.04
207.67
361.32
340
177.953
158.65
284.6
304.53
177.27
192.53
211.75
506.44
732.7
807.66
687.62
661.01
861.95
678.73
620.65
672.75
781.43
588.24
393.12
513.76
467.39
521.61
508.52
477.74
432.769
455.77
459.673
498.82
448.23
597.91
435.55
504.78
423.38
140.07
140.762
141.883
452.11
669.99
668.85
691.1
527.65
545.98
408.63
453.63
529.69
553.96
721.38
444.2
457.02
441.7
366.33
374.2
354.17
308.29
346.29
342.07
279.4
307.35
343.28
359.09
386.25
327.27
298.23
335.22
377.31
405.3
414.37
496.53
457.42
-99
-99
-99
-99
-99
-4.86
16.09
36.15
59.24
53.07
28.16
-16.71
-17.6
19.33
26.21
51.21
42.27
-12.589
-12.759
13.32
12.3
49.23
84.36
236.86
247.93
350.84
35.35
161.44
224.32
197.25
210.27
172.337
117.95
185.2
452.68
672.06
589.32
795.96
949.91
913.44
674.8
978.18
847.63
768.17
516.52
473.87
629.63
601.65
541.55
486.66
641.02
512.73
464.68
725.31
520.24
525.79
676.81
624.31
404.13
139.842
499.75
472.84
442.03
445.7
607.52
650.45
651.74
577.16
461.68
470.16
682.03
629.07
761.6
869.67
700.89
507.69
424.33
357.24
343.29
350.13
364.19
379.25
348.21
302.28
353.24
401.33
377.23
319.25
314.28
347.26
378.13
423.2
435.33
513.42
480.09
-99
-99
-99
-99
-99
-99
13.13
26.18
55.2
1.18
80.55
22.15
-18.549
49.2
120.47
55.13
42.24
-15.317
-12.718
-11.65
84.33
108.44
93.62
81.6
207.88
24.59
205.56
196.5
223.33
219.18
188.37
178.462
105.3
109.83
164.08
257.08
684
708.65
544.16
671.35
1011.98
1115.12
901.8
627.82
628.77
624.89
719.85
754.01
578.79
527.07
690.99
751.92
612.92
514.57
641.83
551.41
685.02
596.72
337.53
326.36
385.88
406.976
502.41
458.46
678.89
608.38
737.56
879.01
853.87
897.12
616.6
692.2
1028.15
1073.05
648.46
524.24
452.01
402.44
388.33
381.31
375.18
376.25
378.19
305.24
320.32
318.29
368.17
372.23
321.27
380.3
387.2
378.56
446.35
472.27
499.12
-99
-99
-99
-99
-99
-99
2.22
26.18
-5.77
-5.63
11.18
-19.63
50.17
94.41
68.1
52.23
36.96
-17.842
49.41
55.24
101.41
34.38
-13.611
-11.34
7.34
103.53
105.59
183.26
194.17
278.62
159.26
95.58
154.4
118.56
180.39
196.33
254.12
168.08
592.19
758.41
1071.79
851.51
668.4
710.26
718.79
690.02
918.48
802.96
687.02
681.43
843.19
857.22
722.81
675.53
573.02
877.25
606.68
525.22
472.44
524.93
692.4
406.385
448.51
455.781
543.67
696.61
711.98
762.72
555.4
548.05
693.13
505.45
729.3
893.63
946.79
862
525.58
460.74
443.95
431.74
440.68
393.37
338.49
362.25
315.23
360.17
324.12
365.19
356.11
400.2
458.56
411.2
399.94
520.47
507.16
-99
-99
-99
-99
-99
-99
-2.67
-35.665
-5.78
-67.38
-67.36
10.23
37.57
77.58
60.53
50.47
10.28
-17.695
57.2
89.16
93.43
4.38
-14.171
46.21
34.29
67.29
124.42
227.51
211.31
161.23
141.42
94.14
276.3
251.7
217.87
180.76
-11.115
153.61
267.93
560.64
362.37
453.07
705.58
583.92
281.75
593.28
762.44
868.82
608.93
851.51
626.9
585.93
813.16
805.01
743.3
836.13
735.47
693.09
653.73
791.91
591.06
653.99
472.84
416.62
535.88
645.3
576.25
498.89
657.19
486.92
439.41
465.21
622.4
818.6
623.52
612.31
596.22
644.18
659.43
678.48
524.49
462.44
440.36
418.58
359.23
329.085
408.39
334.17
380.11
357.23
403.1
399.24
459.33
518.57
411.55
-99
-99
-99
-99
-99
-99
-99
-67.75
-67.6
-35.115
19.28
-66.83
-66.46
-66.39
-66.19
-66.19
-66.1
19.29
87.65
57.32
55.3
-17.31
49.1
-12.398
32.22
36.36
98.35
195.37
225.81
147.54
131.71
92.94
289.87
65.223
64.847
4.507
-55.246
44.648
-6.54
-6.38
187.14
439.19
386
231.74
481.15
378.67
434.366
448.55
511.86
511.322
512.074
519.91
642.84
636.9
897.46
1167.55
921.33
779.68
768.33
682.94
859.64
846.59
546.15
454.66
355.72
363.75
370.82
391.94
395.66
468.77
639.17
411.95
479.83
433.86
473.07
461.73
430.92
444.84
512.98
490.43
479.52
507.33
546.7
453.37
405.31
329.437
381.29
358.28
350.12
375.2
375.2
386.36
452.24
457.12
392.67
-99
-99
-99
-99
-99
-99
6.48
13.46
-0.510000000000002
46.32
59.49
55.41
-14.72
-18.656
-10.8
-18.282
-66.02
-65.8
-11.7
-16.569
-17.449
45.09
-12.9
56.12
92.41
84.2
93.39
123.48
173.57
-59.74
-59.35
271.12
236.6
54.845
14.174
-55.958
-55.498
-54.776
-54.326
-53.816
214.95
512.91
334.81
215.08
582.24
646.44
634.6
650.75
659.42
719.08
625.93
513.943
515.311
516.011
533.97
609.71
651.41
797.14
862.09
825.77
913.22
806.16
647.98
397.63
377.81
339.581
339.801
339.161
417.37
518.07
635.6
425.78
337.847
421.4
424.4
405.32
381.41
331.568
489.49
436.59
450.6
516.58
462.36
396.48
362.56
329.669
405.35
370.25
396.24
377.24
436.36
441.31
447.58
455.4
445.72
-99
-99
-99
-99
46.3
61.41
66.63
78.43
73.23
93.37
59.16
38.18
-15.85
-16.82
-2.92
-5.79
3.21
3.32
-65.6
-65.45
36.35
-13.478
75.59
39.39
74.43
73.15
119.34
135.61
-15.643
-63.182
123.82
-55.928
-55.478
-55.128
-55.508
-5.706
84.763
163.84
306.76
289.1
197.54
200.608
204.486
223.58
220.724
235.249
649.57
572.3
584.55
854.77
658.86
699
517.38
774.54
949.86
667.35
631.853
787.75
1120.93
1139.01
874.75
746.86
536.1
584.81
423.62
537.92
394.41
471.69
339.431
339.691
339.111
421.72
337.929
337.287
389.32
331.958
331.978
418.38
331.469
331.599
331.379
330.909
443.44
478.55
329.959
437.41
424.85
448.61
425.97
418.62
433.74
512.36
528.43
636.06
543.35
-99
-99
-99
-99
77.32
229.31
164.86
115.45
72.14
70.1
32.17
-2.76
60.35
-15.86
-2.95
-4.8
43.24
-0.690000000000001
1.58
1.86
-65.11
-64.65
-64.58
-64.331
27.31
0.57
72.6
87.54
-63.212
65.51
-63.002
51.8
368.28
281.87
145.03
174.16
149.61
84.743
182.99
352.72
381.59
341.82
456.4
510.02
410.32
424.68
562.87
561.64
560.47
498.23
575.26
779.57
883.6
868.67
1032.41
757.81
911.26
783.52
877.72
990.74
767.68
686.45
548.528
596.54
436.58
490.68
594.62
417.53
548.78
534.84
447.84
338.811
338.491
337.424
332.048
468.71
439.67
478.02
504.9
463.98
432.8
429.38
330.789
330.419
447.2
493.63
551.78
684.72
593.05
609.18
552.66
608.82
534.56
532.281
517.9
-99
-99
-99
-99
-99
2.61
21.71
34.32
46.22
56.19
50.25
39.18
-11.94
-13.945
45.3
-0.800000000000001
45.31
41.13
58.43
0.260000000000002
-16.91
21.37
9.571
4.301
-64.241
-63.921
-63.631
-63.591
71.2
117.8
205.84
-61.212
-61.442
357.23
318.59
159.75
-13.79
-13.636
285.01
417.64
220.36
357.7
286.71
254.67
189.462
185.77
143.57
225.62
172.7
375.1
616.26
680.68
442.74
480.85
783.59
845.41
872.41
1188.16
1058.64
1187.85
1094.22
634.22
618.76
863.86
641.65
648.56
561.48
482.77
469.51
632.84
552.69
600.05
576.17
358.372
332.571
440.35
516.61
687.59
723.83
570.57
491.3
543.61
466.67
412.5
411.61
413.39
455.58
466.52
462.81
445.49
451.85
459.46
559.59
652.75
587.99
-99
-99
-99
-99
-99
-69.322
24.1
29.09
38.09
31.07
4.76
1.18
-0.760000000000002
-6.8
13.22
53.09
54.24
115.37
57.26
-13.6
20.15
61.26
57.21
15.3
-12.419
38.001
-12.049
19.3
75.42
111.51
72.782
291.34
406.29
-60.412
-60.823
-13.62
-14.349
280.13
238.64
-12.172
-58.994
-58.884
-58.535
-52.347
-11.43
-11.076
-10.105
111.54
220.36
354.4
297.14
449.93
427.99
650.41
513.96
870.49
635.87
895.11
543.61
639.23
954.39
808.42
779.81
769.18
643.98
602.64
691.26
579.29
530.39
531.5
532.622
687.02
708.27
503.28
358.272
332.85
434.54
441.86
475.76
478.63
548.41
558.51
529.36
577.69
457.47
425.37
416.62
422.25
436.36
511.39
458.16
554.29
549.43
811.65
716.9
-99
-99
-99
-99
-99
-99
6.25
15.11
28.05
34.09
36.09
33.17
-3.467
49.25
46.15
59.11
82.16
114.34
68.3
41.23
52.22
65.19
70.21
37.19
-11.019
32.28
-11.947
22.29
16.24
72.032
166.88
412.15
485.91
203.06
243.27
-61.683
170.78
46.894
53.267
-60.034
37.443
37.853
173.91
167.85
237.18
228.92
277.96
190.66
156.6
203.33
207.79
207.76
344.07
461.7
503.51
392.28
489.147
681.72
925.75
505.006
729.06
612.17
560.86
720.74
946.93
894.73
1102.86
945.76
655.42
749.09
606.95
938.42
936.74
681.83
459.85
447.45
332.98
400.36
419.36
429.5
515.55
463.4
471.5
524.33
571.56
565.5
442.57
565.89
472.28
468.8
582.44
525.58
527.188
527.705
640.84
-99
-99
-99
-99
-99
-99
-9.86
11.05
21.08
34.06
29.05
43.14
6.28
49.13
60.06
66.12
69.17
93.17
85.15
83.11
88.17
72.1
32.25
19.19
70.18
22.2
64.16
-11.637
-11.218
23.56
238.95
341.04
280.5
295.63
154.69
140.93
-61.323
53.002
-60.784
-12.847
200.93
203.5
178.35
195.29
228.2
317.51
262.22
233.29
256.26
175.841
178.32
182.479
296.62
317.57
317.58
655.87
671.88
691.12
890.03
491.7
601.97
541.88
471.2
551.15
690.63
779.28
1214.04
1370.83
892.89
1102.49
1344.44
1053.58
1260.43
756.78
580.33
448.79
426.38
333.34
333.83
385.44
407.21
416.42
443.23
502.25
559.46
668.2
583.41
499.15
769.7
514.61
574.62
665.76
711.78
575.01
728.87
-99
-99
-99
-99
-99
-99
-99
4.08
11.09
28.06
30.06
45.13
55.07
54.12
60.12
47.12
38.22
85.15
95.14
75.11
78.07
78.16
45.15
88.2
20.64
59.12
65.31
73.23
13.608
56.61
176.71
223.33
238.75
263.5
349.95
140.45
-41.817
-61.193
49.651
128.84
169.46
173.09
255.36
218.59
234.39
269.71
235.33
274.2
273.37
249.38
216.56
232.77
263.393
263.8025
264.782
264.622
312.69
313.14
313.48
349.01
383.07
416.029
671.85
700.91
669.22
804.49
903.94
1062.81
1510
1589.38
1717.56
1469.94
1280.07
1004.5
752.86
486.55
432.21
532.81
418.55
420.23
433.2
433.12
479.31
423.33
482.57
475.55
500.05
500.134
499.786
586.52
735.59
754.69
800.85
685.55
804.89
-99
-99
-99
-99
-99
-99
-99
-6.91
1.08
19.07
27.07
35.08
44.07
51.13
49.11
20.16
18.24
58.15
89.17
69.11
51.12
57.13
73.1
64.23
65.15
50.21
102.27
104.33
81.17
99.49
126.48
183.43
204.64
446.04
167.41
175.89
131.67
-48.069
-28.254
169.99
184.91
211.04
167.8
209.92
-11.564
162.58
202.67
262.21
286.2
334.46
349.54
336.43
429.83
448.83
478.9
496.89
266.094671555908
265.936416570219
533.05
545.45
499.95
553.95
546.5
566.05
586
1023.86
1467.21
1842.94
1914.92
1755.12
1516.5
1593.36
1612.44
1381.11
1119.76
863.34
572.17
564.94
418.942
464.55
450.53
418.808
419.199
453.19
451.2
568.71
569.6
573.5
554.52
724.82
654.64
708.47
820.57
824.3
793.47
-99
-99
-99
-99
-99
-99
-99
-7.95
-0.920000000000002
8.08
20.06
28.05
38.13
32.09
3.14
12.09
37.15
53.26
49.15
50.17
62.11
67.14
93.19
104.17
102.26
84.18
73.22
39.27
82.21
102.27
196.74
205.34
350.8
204.4
259.84
236.8
197.75
201.18
-47.44
-47.78
-46.8
-27.265
-26.786
-27.306
1.79
1.952
182.58
241.3
262.32
268.26
326.29
353.49
374.51
404.57
425.47
482.66
505.74
435.76
267.620074166728
445.73
689.63
742.76
665.79
907.85
1126.56
1057.61
1490.62
1795.37
1811.84
1566.89
1465.61
1402.88
1391.92
1194.89
934.18
954.23
723.8
722.67
653.59
419.492
419.044
668.51
474.26
419.36
420.57
424.51
470.57
541.44
543.51
745.72
767.63
752.39
792.44
768.27
734.36
-99
-99
-99
-99
-99
-99
-99
-99
-2.95
6.11
18.14
23.19
25.16
-4.82
20.12
8.141
11.14
18.19
21.18
22.769
23.121
53.13
80.09
90.1
103.22
56.25
40.17
23.32
86.23
104.39
194.66
410.22
304.53
224.33
114.85
94.8
80.99
148.48
-43.387
80.75
-47.7
80.74
194.24
207.17
-26.966
-26.727
167.73
164.78
231.64
253.66
256.39
256.49
257.265
319.32
332.56
361.51
481.36
529.84
548.86
269.51
279.789
469.82
653.29
702.53
1011.37
1482.61
1601.24
1572.27
1668.78
1665.13
1571.9
1177.81
1405.35
1302.62
837.52
594.074
983.83
702.42
950.21
647.61
465.14
435.43
486.62
446.23
522.4
532.44
438.71
527.59
642.61
605.702
764.2
857.43
792.19
724.47
719.48
-99
-99
-99
-99
-99
-99
-99
-99
-6.91
0.0500000000000007
-19.732
-19.931
-20.051
-9.76
28.13
38.11
43.13
22.11
48.12
61.19
76.18
83.14
54.62
92.16
87.26
11.27
12.16
20.25
84.32
88.33
189.74
359.02
216.43
258.49
238.4
236.06
133.31
-43.468
156.31
80.62
-8.484
-46.571
-8.45
209.83
210.85
175.243
2.754
5.244
5.083
146.69
215.59
258.49
303.22
300.2
315.17
394.49
396.54
411.48
479.69
418.203
483.56
419.728
438.734
503.46
563.02
1125.72
1300.16
1557.52
1455.06
1569.03
1587.7
1244.16
1071.75
1020.19
1084.44
640.34
560.77
585.87
678.55
827.84
572.56
436.36
486.36
538.42
484.72
516.62
509.62
642.69
769.13
783.4
814.6
825.32
815.35
804.28
820.46
-99
-99
-99
-99
-99
-99
-99
-99
-8.94
6.1
0.579999999999998
8.14
-22.525
28.19
45.17
48.13
50.11
52.06
43.12
58.09
72.08
84.16
79.07
56.13
36.22
7.32
18.11
44.22
74.25
144.47
152.57
257.66
209.54
214.24
292.8
196.63
-29.398
74.986
-13.198
167.8
80.6
-12.577
207.56
-5.588
-4.187
229.56
242.99
232.97
207.64
13.513
13.572
267.57
286.55
325.59
277.06
280.32
386.3
416.47
449.37
413.42
423.09
469.13
499.35
630.78
665.53
568.59
645.56
711.38
1210.53
1369.91
1450.75
1339.14
726.3
692.82
651.412
810.27
843.61
551.368
551.015
551.407
550.96
489.86
444.66
592.61
612.66
693.41
685.71
633.25
782.36
863.47
848.4
778.22
761.593
786.26
789.24
-99
-99
-99
-99
-99
-99
-99
-99
-99
0.0300000000000011
3.08
-22.764
-9.86
22.14
6.18
35.09
42.09
55.07
39.244
61.14
53.316
59.14
64.11
75.12
91.35
42.17
-3.79
47.26
42.26
118.37
89.82
135.3
164.88
239.29
156.7
-13.28
-12.778
33
-12.418
207.84
250.79
162.64
201.88
218.59
183.57
-4.097
206.13
248.61
291.89
261.66
251.51
53.951
54.151
255.25
300.45
307.29
289.78
330.41
361.38
431.37
460.49
457.36
452.5
426.267
630.76
664.46
665.08
1229.61
1231.95
1345.27
1297.66
898.26
1253.85
1035.53
939.75
683.84
749.28
558.24
718.46
551.26
815.65
701.89
564.29
456.78
491.9
568.58
896.55
754.49
814.53
814.2
793.22
744.31
741.128
738.174
749.25
-99
-99
-99
-99
-99
-99
-99
-99
-99
-4.91
-1.94
-23.057
15.12
-1.9
19.06
34.09
45.14
15.16
40.14
56.08
35.244
37.12
79.09
72.18
56.11
31.26
-6.67
18.23
13.853
25.36
142.2
265.91
205.55
413.38
193.93
194.48
-12.696
209.93
154.04
266.58
277.6
170.296
279.44
243.4
257.6
209.3
-3.818
186.47
206.62
232.2
273.45
262.49
282.51
99.88
318.21
305.34
351.19
294.29
298.51
319.57
381.36
382.114
404.25
434.42
427.764
462.74
665.62
929.12
929.96
1098.38
1401.94
1353.96
938.656187634015
963.38
1104.3
921.35
1103.2
1035.35
977.94
887.85
625.32
1078.53
714.88
671.24
467.17
517.03
632.79
867.7
809.15
798.16
773.25
824.37
769.2
781.31
733.05
-99
-99
-99
-99
-99
-99
-99
-99
-99
-10.94
-23.306
-4.93
-18.87
13.09
20.09
29.11
31.11
3.17
35.21
32.1
58.18
55.18
34.12
78.24
35.13
60.3
-15.72
6.09
67.33
84.39
104.67
167.37
336.61
372.91
215.85
285.84
189.74
348.11
267.38
367.83
239.22
217.36
170.23
272.24
290.45
234.58
266.58
16.381
246.39
268.57
251.513
257.16
307.47
278.21
140.76
313.34
309.27
345.45
371.36
371.17
404.35
446.46
416.2
429.2
431.17
428.243
479.88
555.07
751.4
917.54
1004.41
1445.08
1387.37
1162.96
922.18
920.46
915.51
1194.3
995.56
947.77
1012.63
894.02
1059.38
757.15
647.9
724.25
560.62
799.51
861.18
821.19
805.18
797.14
747.36
742.24
715.53
-99
-99
-99
-99
-99
-99
-99
-99
-99
-99
-3.97
3.22
-18.608
11.1
2.59
27.06
17.13
-7.349
7.14
2.357
53.1
34.09
0.809999999999999
63.17
41.21
32.19
-15.973
12.26
13.25
29.36
102.38
167.59
249.85
307.81
332.84
384.41
319.98
385.27
309.59
232.57
260.51
217.21
180.6
180.91
294.46
305.3
238.79
116.97
46.581
262.21
299.5
306.34
262.18
317.39
336.22
182.82
185.933
313.34
383.79
357.72
373.52
361.66
369.35
412.17
455.26
476.3
442.31
506.7
558.87
731.99
927.8
1080.76
1341.04
1392.4
1243.38
1075.61
1052.76
913.47
911.729
910.839
994.54
950.19
868.32
799.9
957.15
845.02
844.41
832.69
865.46
864.41
826.26
789.23
797.27
798.42
783.27
-99
-99
-99
-99
-99
-99
-99
-99
-99
-99
-72.653
1.18
4.03
9.07
21.11
-3.91
10.18
-8.786
-5.8
40.16
50.15
33.12
47.18
-8.79
38.21
27.22
-16.466
37.3
46.2
52.34
102.45
185.55
202.71
459.13
538.26
589.76
661.7
539.26
507.99
315.82
231.47
180.897
183.07
181
331.7
358.69
218.54
139.72
281.63
123.79
192.59
267.23
328.28
338.3
338.4
296.56
316.48
186.362
186.852
186.961
186.92
401.56
461.1
394.54
439.48
486.47
391.43
447.37
500.59
546.05
698.45
823.21
858.4
992.32
1050.63
1125.2
1077.79
1132.79
928.601
922.761
610.62
908.38
792.68
865.23
889.54
832.41
892.48
794.616
804.21
786.598
757.84
751.39
749.4
747.32
745.41
-99
-99
-99
-99
-99
-99
-99
-99
-99
-99
-72.945
5.2
3.05
12.09
10.08
-17.94
-11.721
50.31
18.15
42.2
18.13
39.08
35.11
-15.7
7.18
4.499
-16.659
-12.64
1.38
50.16
101.3
165.5
264.88
424.1
352.31
329.251
362.76
591.91
619.36
433.51
217.48
182.04
197.14
183.7
288.55
264.31
227.798
147.6
261.62
316.59
174.33
215.68
267.37
337.16
357.25
386.29
400.58
380.6
257.64
353.73
360.58
187.509
187.668
265.032
405.65
411.53
378.41
411.45
426.32
494.93
467.95
501.3
559.66
621.67
721.82
931.42
1047.08
1207.48
1186.85
961.42
941.52
584.42
853.59
785.69
886.5
951.53
791.33
789.665
789.382
791.11
813.3
825.43
787.25
808.48
799.37
-99
-99
-99
-99
-99
-99
-99
-99
-99
-99
-99
-12.78
8.06
1.06
-18.222
-10.93
10.23
40.22
12.22
32.14
16.2
41.24
35.29
45.22
-17.221
-17.124
54.28
58.32
61.24
68.24
72.31
105.46
251.76
204.803
313.33
599.44
477.06
712.42
835.64
908.2
605.84
224.2
288.76
217.38
321.56
228.21
270.44
280.25
157.54
190.56
332.56
197.327
345.34
331.28
411.49
391.16
405.23
400.27
328.39
332.4
402.64
444.72
383.77
187.947
187.956
350.42
386.6
401.56
294.212
414.44
382.68
419.54
442.71
462.82
524.16
632.33
804.53
1073.46
1229.79
1142.38
1108.77
982.11
546.35
714.77
824.14
920.85
903.59
802.21
789.446
845.33
804.24
765.14
750.3
746.24
717.39
-99
-99
-99
-99
-99
-99
-99
-99
-99
-99
-99
-13.9
3.07
4.08
-18.444
-18.425
-0.82
44.19
34.02
-13.815
-15.66
-17.392
-7.75
-17.884
22.2
38.2
31.444
32.457
37.24
37.557
70.28
98.43
164.29
264.67
479.88
303.07
395.76
634.1
747.87
911.05
807.58
473.54
280.09
260.63
279.46
379.55
233.62
281.33
302.41
170.465
304.46
349.37
275.29
298.709
345.29
349.34
391.03
434.39
400.14
364.38
385.26
460.37
439.64
420.79
394.79
244.115
244.233
244.252
291.81
292.382
357.39
321.272
364.39
403.38
455.46
495.86
564.33
826.58
901.36
919.49
855.3
975.96
655.96
496.02
655.02
972.46
874.46
801.573
823.29
870.39
769.612
772.25
771.24
736.33
764.29
-99
-99
-99
-99
-99
-99
-99
-99
-99
-99
-99
-13.88
-8.94
0.0799999999999983
1.08
-18.698
8.16
29.12
42.17
34.15
41.25
22.17
-17.774
-17.831
1.26
10.18
34.12
54.298
80.29
101.26
37.81
157.77
99.82
108.97
117.54
190.36
533.88
655.2
796.18
951.61
1003.82
748.35
452.31
305.72
334.36
396.64
283.58
367.48
331.65
335.29
203.74
297.32
390.35
279.29
280.968
382.25
355.31
391.21
438.3
404.29
431.35
400.988
503.33
504.58
509.94
476.28
440.42
384.22
408.08
421.58
321.022
321.344
356.27
385.36
395.33
462.31
449.81
630.92
739.05
982.53
762.35
666.68
652.24
513.74
457.57
762.05
884.89
899.51
863.27
781.43
802.31
818.33
828.49
826.41
794.25
-99
-99
-99
-99
-99
-99
-99
-99
-99
-99
-99
-99
-99
-2.97
-11.95
-18.87
0.129999999999999
10.14
33.06
36.05
3.17
64.41
15.14
-19.856
22.19
69.35
64.41
60.12
90.3
132.48
60.34
100.22
398.56
394.46
217.03
369.18
433.06
533.73
556.92
674.12
785.9
932.78
554.31
406.04
410.77
347.3
333.46
448.78
329.3
295.214
245.423
348.53
395.48
410.37
320.34
284.81
348.28
376.34
457.56
469.37
492.43
492.34
487.31
553.62
641.3
636.26
714.7
651.28
507.59
494.64
377.71
354.59
321.863
425.48
432.53
441.35
499.85
471.61
580.33
683.93
733.42
450.12
551.62
666.24
421.08
575.35
730.79
904.39
881.62
820.32
869.63
746.53
777.36
783.32
760.48
-99
-99
-99
-99
-99
-99
-99
-99
-99
-99
-99
-99
-99
-9.98
-3.94
-99
-5.92
8.1
40.15
30.16
23.19
-17.783
-19.895
9.15
-19.217
-19.098
62.19
-18.248
40.37
103.2
102.25
70.88
159.57
417.11
379.48
460.03
602.44
535.71
614.94
560.76
558.46
708.86
860.26
694.16
418.27
382.82
371.46
443.44
370.44
339.44
418.54
375.41
386.24
358.38
443.36
367.37
288.789
289.241
354.32
431.54
445.46
491.47
421.55
422.68
430.75
432.93
457.71
606.97
580.76
527.52
509.65
527.03
493.96
322.852
323.071
322.89
466.15
367.889
422.58
495.93
553.91
486.78
439.51
420.33
420.647
514.02
750
754.3
905.73
776.42
854.62
748.38
693.31
692.16
752.32
-99
-99
-99
-99
-99
-99
-99
-99
-99
-99
-99
-99
-15.96
-13.95
-8.99
-99
-99
0.129999999999999
16.07
32.16
-17.679
-20.354
31.24
51.41
52.33
45.32
-18.839
-18.61
87.41
74.41
145.6
181.64
155.4
157.094
273.91
355.54
338.076
340.375
458.65
499.63
658.49
829.92
910.32
1011.17
707.2
457.84
443.36
444.4
418.45
350.48
401.559
378.68
429.35
453.33
428.4
445.43
449.54
324.46
289.72
340.549
356.669
360.687
369.754
378.18
465.3
470.41
433.53
441.76
443.81
448.01
565.19
642.68
713.35
679.16
492.26
442.77
367.81
438.23
367.961
421.35
420.663
411.38
425.24
416.33
477.28
562.86
741.9
707.49
747.2
778.75
765.19
723.44
701.2
693.21
690.15
-99
-99
-99
-99
-99
-99
-99
-99
-99
-99
-99
-99
-16.99
-99
-99
-99
-99
-99
7.09
10.13
-17.668
-20.447
-7.71
17.29
80.17
89.35
-18.391
55.26
59.33
161.45
229.72
349.27
392.29
403.2
373.6
329.119
338.751
372.22
477.58
555.89
659.45
633.91
788.08
862.85
755.27
524.2
508.43
502.52
455.43
352.16
424.44
382.41
388.49
403.318
412.419
494.31
495.63
432.51
302.62
405.52
398.46
438.4
381.24
457.3
381.272
381.585
381.37
507.57
653.7
588.03
613.11
573.84
575.61
672.83
686.65
680.32
399.262
464.45
391.4
389.031
389.85
390.72
391.649
457.33
551.46
522.311
702.59
697.19
677.34
720.43
659.5
731.46
747.4
729.31
696.24
-99
-99
-99
-99
-99
-99
-99
-99
-99
-99
-99
-99
-5.99
-15.99
-99
-99
-15.98
-99
1.12
3.12
-20.886
-17.764
53.41
71.3
96.22
105.52
42.29
-18.145
82.34
73.757
76.813
183.87
389.66
459.94
687.72
391.84
375.83
405.42
374.736
381.71
435.67
453.19
642.79
782
810.36
619.99
396.849
490.34
459.42
364.83
493.51
489.36
432.56
489.38
464.42
433.52
529.33
566.68
462.34
326.6
474.41
491.63
399.826
383.113
471.24
520.68
563.65
382.047
382.503
384.17
383.806
416.01
441.77
588.39
684.48
669.85
442.03
481.59
502.38
449.76
394.22
393.35
414.19
441.39
545.47
550.64
686.57
669.11
693.35
623.34
578.71
718.49
689.2
632.47
663.36
-99
-99
-99
-99
-99
-99
-99
-99
-99
-99
-99
-99
-99
-7.96
-99
-99
-11.97
-18.92
-18.94
-22.288
-17.604
-12.77
46.35
108.27
128.27
122.3
-15.31
62.48
132.57
146.71
78.483
81.145
313.89
398.22
691
719.55
494.6
446.34
399.41
404.27
373.35
463.48
501.29
680.2
537.47
517.3
390.68
404.36
529.76
490.26
511.53
526.42
503.23
571.59
509.44
500.53
567.39
551.41
523.53
446.34
373.169
375.224
461.55
456.38
454.64
456.736
481.35
544.5
536.83
388.485
388.475
405.984
599.8
475.86
683.37
726.85
494.59
473.514
626.02
470
582.07
436.73
394.3
430.53
453.61
580.49
659.23
649.31
679.38
570.204
581.46
671.31
668.31
699.38
586.24
-99
-99
-99
-99
-99
-99
-99
-99
-99
-99
-99
-99
-99
-15.95
-16.93
-99
-99
-15.99
-99
-18.99
-17.432
-17.194
40.33
89.3
122.17
158.62
59.42
76.68
288.14
79.785
271.79
179.8
85.95
405.53
474.53
382.18
471.09
525.36
469.09
480.64
429.18
369.1
435.58
239.39
419.67
338.04
301.06
388.75
438.64
446.73
428.55
448.894
515.26
549.19
600.58
620.67
635.83
538.17
584.56
563.51
454.68
515.45
510.48
610.7
546.43
522.48
460.204
462.58
529.32
619.9
573.79
389.216
607.74
642.6
581.57
623.48
720.69
510.66
691.12
763.88
704.34
485.02
516.79
425.03
509.69
658.55
642.31
648.26
562.532
564.401
656.29
641.2
624.34
607.25
606.49
-99
-99
-99
-99
-99
-99
-99
-99
-99
-99
-99
-99
-99
-5.92
-8.95
-99
-16.97
-14.96
-15.96
-99
-17.338
9.14
20.29
74.35
106.31
157.34
67.17
128.56
300.11
170.8
361.23
296.72
149.49
89.663
179.15
323.35
343.28
282.06
100.92
129.52
129.828
129.807
129.635
130.214
129.803
129.971
215.72
195.92
283.61
410.49
546.24
559.01
551.84
478.45
530.53
526.64
501.5
498.53
550.41
640.72
523.51
564.59
564.5
538.43
566.44
599.56
637.62
546.58
518.67
522.532
708.11
532.57
444.799
612.43
697.5
620.52
629.63
689.42
630.481
879.98
724.68
780.76
628.07
527.81
742.78
728.84
639.36
623.4
556.057
622.37
629.35
629.12
652.36
562.42
620.27
-99
-99
-99
-99
-99
-99
-99
-99
-99
-99
-99
-99
-99
-99
-16.92
-99
-99
-8.95
-9.94
-5.93
-4.85
-8.79
4.3
50.24
117.33
154.4
174.22
234.53
169.67
415.94
398.35
536.33
363.71
310.33
92.773
93.922
95.904
96.959
312.13
371.26
319.44
388.13
318.79
319.81
370.11
321.82
129.92
214.58
295.97
288.26
296.28
302.697
427.52
435.81
436.95
438.26
439.5
440.82
482.61
646.57
642.29
636.44
651.51
675.62
630.28
616.2
689.61
672.37
625.54
580.54
581.48
616.65
685.58
558.93
745.53
708.25
646.578
777.66
852.73
771.47
719.39
782.58
757.77
725.31
725.64
723.54
566.67
551.3
537.39
536.36
596.29
600.18
631.24
558.42
623.39
-99
-99
-99
-99
-99
-99
-99
-99
-99
-99
-99
-99
-99
-99
9.9
-99
-99
-12.97
-0.93
7.14
6.1
34.26
59.28
67.22
89.41
170.35
179.38
233.39
226.08
437.29
580.75
788.61
676.24
556.75
397.27
297.08
144.38
361.46
433.41
685.57
504.03
380.52
385.49
321.95
328.39
273.82
169.3
436.33
426.82
484.71
313.57
444.5
315.886
520.8
562.02
613.01
583.05
537.56
587.82
597.73
603.853
604.54
608.01
611.22
613.551
615.199
656.04
656.18
675.22
716.47
601.856
605.51
703.53
705.17
682.51
745.33
731.34
796.8
804.5
690.55
727.32
807.39
727.34
626.73
670.5
666.63
578.52
509.35
503.24
520.33
594.4
622.4
586.13
574.37
507.44
-99
-99
-99
-99
-99
-99
-99
-99
-99
-99
-99
-99
-99
-99
-99
-99
-99
-99
-18.92
-17.577
-17.089
12.22
60.16
92.12
68.507
211.58
208.48
280.53
305.8
575.44
723.83
784.09
762.9
594.8
439.19
519.39
238.48
444
741.36
817.9
772.28
517.88
719.67
460.77
407.36
403.19
190.53
463.78
488.63
499.8
468.25
411.65
352.08
337.95
415.95
464.96
591.68
766.79
646.64
663.44
796.07
651.43
633.48
754.68
652.55
683.24
693.43
671.12
686.37
656.33
708.5
680.45
685.49
744.23
723.28
754.45
683.5
635.674
669.54
750.34
785.3
785.34
750.44
649.67
573.6
516.54
563.58
518.34
454.088
467.39
494.36
562.26
558.44
578.5
487.46
-99
-99
-99
-99
-99
-99
-99
-99
-99
-99
-99
-99
-99
-99
-99
11.9
-99
-99
-12.97
-15.93
12.2
58.29
82.24
112.21
68.851
68.889
239.31
142.68
182.9
221.26
514.36
551.19
754.27
703.93
607.82
583.55
328.64
543.69
574.64
868.02
941.29
916.1
1003.53
718.39
703.48
640.01
460.49
268.89
362.89
413.53
553.49
511.51
438.71
537.7
523.71
523.52
729.81
828.43
725.5
665.36
714.35
716.43
736.27
769.62
680.48
765.46
717.5
746.35
673.281
775.48
750.59
810.5
761.38
732.22
735.27
615.48
614.291
648.24
642.941
802.59
758.24
749.32
831.63
687.5
552.8
496.7
463.58
462.4
458.24
452.51
516.32
502.34
521.24
446.78
434.94
-99
-99
-99
-99
-99
-99
-99
-99
-99
-99
-99
-99
-99
-99
-99
-4.97
-99
-99
-5.95
-16.14
8.31
67.24
95.24
122.18
117.22
181.49
131.31
192.54
283.58
190.422
276
409.07
542.67
577.7
742.72
937.26
805.36
887.93
723.15
807.15
1075.35
898.15
1032.45
716.14
872.15
428.9
426.51
281.855
311.8
541.74
480.6
617.68
461.76
530.43
526.32
669.65
634.65
636.019
637.636
639.723
641.43
707.2
710.747
756.21
731.22
796.47
802.29
839.63
717.43
817.42
828.31
851.73
777.61
736.4
709.38
612.42
613.499
687.59
689.47
844.69
868.59
744.62
771.27
793.8
669.62
628.78
574.51
513.29
465.16
445.28
461.23
527.34
590.82
553.72
307.98
-99
-99
-99
-99
-99
-99
-99
-99
-99
-99
-99
-99
-99
-99
-99
-13.87
-8.94
-7.91
-16.551
-15.78
53.27
86.31
116.22
169.29
119.448
132.28
221.33
228.41
411.09
218.87
302.88
447.03
452.01
654.74
639.52
861.65
968.29
1027.18
1015.38
739.22
735.24
459.73
566.47
657.22
905.91
827.25
710.38
350.12
339.46
576.26
560.35
621.78
536.36
560.47
664.76
655.74
517.97
672.63
749.57
639.231
719.39
779.46
771.35
779.32
748.3
732.26
778.21
800.28
841.21
790.32
819.11
892.55
667.81
629.83
606.65
692.54
716.54
705.83
870.74
785.227
917.61
805.6
670.82
762.58
745.69
607.42
549.27
509.31
491.24
495.32
420.735
507.47
459.5
444.6
397.61
-99
-99
-99
-99
-99
-99
-99
-99
-99
-99
-99
-99
-99
-99
-99
-99
4.08
4.08
14.18
32.22
44.26
101.17
130.33
172.37
169.11
128.44
238.58
242.48
298.72
407.67
502.67
471.64
703.13
828.55
823.37
945.91
1011.74
994.19
909.96
597.39
579
415.242
675.7
756.43
581.88
648.96
817.25
707.23
398.58
525.7
744.48
647.84
633.42
537.69
504.729
506.84
542.89
780.83
820.82
686.46
774.32
815.43
825.3
846.42
795.21
760.29
745.29
759.33
817.2
832.32
833.51
806.68
820.14
604.43
677.33
884.25
883.05
719.789
886.64
925.54
884.58
831.88
644.82
772.56
659.55
551.75
518.33
513.23
453.24
449.18
420.765
420.349
460.19
381.39
409.3
-99
-99
-99
-99
-99
-99
-99
-99
-99
-99
-99
-99
-99
-99
-99
-99
6.01
6.04
14.1
57.2
69.25
77.31
102.25
178.2
199.35
155.35
204.41
363.68
286.59
484.73
555.83
521.71
386.88
552.51
403.46
533.75
750.57
681.99
615.42
327.98
389.83
604.35
596.22
590.34
452.79
420
670.21
431.49
424.37
334.7
596.44
616.51
425.2
501.48
683.15
634.79
629.98
704.99
798.46
804.16
734.46
781.18
795.25
793.12
855.37
829.42
797.27
754.26
807.26
824.06
700.85
662.18
682.72
601.06
705
722.73
803.58
819.46
813.73
875.07
799.56
748.86
617.32
718.47
741.79
564.5
519.14
477.23
448.24
440.12
420.1
420.14
423.16
459.18
296.61
<EndGridData2D>
