DT_OUTPUT_TIME            : 10
WRITE_BOXES               : 1
OUTPUT_FILE               : ..\res\Boxes File.dat
<beginpolygon>
<<beginvertix>>
177 71
177 70
177 70
178 70
178 70
178 69
179 69
179 69
179 69
180 68
180 68
180 68
180 68
180 68
180 68
180 68
180 67
180 66
180 65
180 64
180 63
180 62
180 61
180 60
180 59
180 58
180 57
180 56
180 55
180 54
180 53
180 52
180 51
180 50
180 49
180 48
180 47
180 46
180 45
180 44
180 43
180 42
180 41
180 40
180 39
180 38
180 37
180 36
180 35
180 34
180 33
180 32
180 31
180 30
180 29
180 28
180 27
179 27
179 26
180 26
180 25
180 24
180 23
180 22
180 21
180 20
180 19
180 18
180 17
180 16
180 15
180 14
180 13
180 12
180 11
180 10
180 9
180 8
180 7
180 6
180 5
180 4
180 3
180 2
180 1
179 1
178 1
177 1
177 1
175 1
174 1
173 1
173 1
171 1
170 1
169 1
169 1
168 1
166 1
165 1
165 1
164 1
164 1
164 1
162 1
162 1
162 2
161 2
161 2
161 1
161 1
161 1
161 1
161 1
161 2
161 2
161 2
161 3
160 3
160 3
160 3
159 3
159 4
159 4
158 4
158 5
158 5
158 5
158 5
158 6
157 6
157 6
157 6
157 7
157 7
157 8
157 8
156 8
156 8
156 8
155 9
155 9
154 9
154 9
154 9
154 9
154 9
153 9
153 9
153 9
152 9
152 10
152 10
152 10
152 11
152 11
151 11
151 11
151 11
150 11
150 11
150 11
150 12
149 12
149 12
149 12
149 12
149 12
148 12
148 12
147 13
147 13
147 13
147 13
146 13
146 13
146 13
145 14
145 14
144 14
144 14
144 14
144 14
143 14
143 15
143 15
143 16
143 16
142 16
142 17
143 17
143 17
143 17
143 18
143 18
143 18
143 18
143 19
143 19
143 20
143 20
143 20
143 21
143 21
143 21
144 21
144 21
145 21
145 21
145 21
145 21
146 21
146 22
147 22
147 22
147 22
148 22
148 22
148 23
148 23
148 23
149 24
149 24
149 24
149 24
150 24
150 24
151 25
151 25
151 25
151 25
151 25
152 25
152 25
152 25
152 25
153 26
153 25
154 25
154 25
154 25
154 25
155 25
155 26
155 26
156 26
156 26
156 26
157 26
157 26
158 26
158 27
158 27
158 27
158 27
158 27
158 27
158 28
158 28
158 28
158 28
159 28
159 28
159 28
159 28
159 29
159 29
158 29
158 30
158 30
158 30
158 30
159 30
159 31
159 31
159 31
160 31
160 31
160 31
160 32
161 32
161 32
161 32
161 33
162 33
162 33
161 34
162 34
162 34
162 35
161 35
160 35
160 36
158 36
158 36
158 36
158 36
158 36
158 37
159 37
159 37
159 37
160 37
160 38
160 38
160 39
160 39
160 39
160 39
160 39
160 40
160 40
160 40
160 41
160 41
160 41
160 42
160 42
160 43
160 43
161 43
161 43
162 43
162 44
162 44
161 44
161 45
161 45
160 45
160 45
160 45
160 45
160 45
159 45
159 45
159 46
158 46
158 46
158 46
157 46
157 46
157 46
157 46
157 47
157 47
158 47
158 47
158 48
158 48
158 50
158 50
158 50
158 50
157 50
157 50
157 50
157 51
157 51
156 51
156 51
156 51
156 51
156 51
155 51
155 51
155 52
154 52
153 52
153 52
153 52
153 52
153 52
152 52
152 52
152 52
152 52
151 52
149 52
149 52
149 52
148 52
148 51
148 51
148 52
148 52
148 52
148 52
148 52
148 53
148 53
147 53
147 53
147 54
147 54
146 54
146 55
147 55
147 55
147 55
147 56
148 56
148 56
148 56
148 56
149 57
149 57
149 58
150 58
150 59
150 59
151 59
151 59
152 59
152 59
152 59
152 59
152 60
152 60
153 60
153 60
153 60
154 60
154 61
154 61
154 61
154 61
154 61
154 61
154 62
154 62
155 62
156 62
156 62
156 62
157 62
157 62
157 62
157 61
158 61
158 61
158 61
159 61
159 61
159 60
160 60
160 60
160 60
160 60
160 60
161 60
161 60
161 60
161 60
162 60
163 59
163 59
164 59
164 59
164 59
164 60
164 60
165 60
165 60
165 60
165 60
166 60
166 60
167 60
167 60
167 60
167 61
167 61
167 61
167 61
167 62
167 62
167 63
167 63
167 63
167 63
167 63
167 64
167 65
167 65
167 66
167 66
167 66
167 66
167 67
167 67
167 67
167 68
167 68
167 68
167 69
167 69
166 69
166 70
167 70
167 71
168 71
168 71
168 71
168 71
168 71
169 71
169 71
169 71
170 71
170 72
171 72
171 72
171 71
171 71
172 71
172 71
173 71
173 71
173 71
173 71
173 71
174 71
174 71
174 71
174 71
175 71
175 71
175 72
176 72
176 72
176 71
176 71
176 71
177 71
<<endvertix>>
<endpolygon>

<beginpolygon>
<<beginvertix>>
131 19
132 19
132 19
132 18
133 18
133 17
134 17
134 17
134 17
134 18
134 18
134 18
133 18
133 18
133 18
133 19
132 19
132 21
131 21
131 20
131 20
130 19
129 19
129 18
128 18
127 18
127 18
125 18
124 18
123 18
123 18
121 18
120 18
119 18
119 18
118 18
116 18
116 17
116 17
116 17
116 17
116 17
115 17
115 17
114 17
114 17
113 16
113 16
113 16
112 16
112 16
111 16
111 16
111 16
112 17
112 17
112 17
113 17
113 17
112 18
112 18
113 19
114 19
114 19
114 19
114 19
115 19
115 19
115 19
115 20
116 20
116 20
116 20
116 20
116 21
117 21
117 21
117 21
117 22
117 22
117 22
117 22
117 22
116 23
116 23
115 23
115 23
115 23
115 24
115 24
116 24
116 25
116 25
115 25
115 25
115 25
114 25
114 26
114 26
114 26
114 27
113 27
113 27
113 28
113 28
114 28
113 28
113 29
113 29
114 29
114 29
114 29
114 29
114 30
115 30
115 30
115 30
115 30
116 31
116 31
116 31
116 32
116 32
116 33
116 33
116 33
117 33
118 33
118 33
119 33
119 33
119 33
119 33
119 33
119 34
119 34
119 35
119 36
120 36
120 36
121 36
121 37
121 37
121 37
121 37
122 37
122 37
122 37
122 37
122 37
123 37
123 37
125 37
125 37
125 37
125 38
125 38
125 38
124 39
125 39
125 40
125 40
126 40
126 40
126 41
126 41
126 41
126 41
127 41
127 41
127 41
126 42
126 42
126 43
127 43
127 43
127 43
128 43
128 43
128 44
129 44
129 44
129 44
129 45
129 45
129 45
129 46
129 46
129 46
128 47
128 48
128 48
128 48
128 48
128 49
127 49
127 49
128 49
128 49
128 50
128 50
128 50
129 50
129 50
129 50
129 50
130 50
130 50
130 50
130 50
130 50
131 50
132 50
132 50
132 49
132 49
133 49
133 49
135 49
135 49
136 49
136 50
136 50
136 50
136 49
136 50
137 50
137 51
138 51
139 51
139 51
139 52
139 52
139 52
139 52
140 52
140 52
140 52
140 52
140 52
141 52
141 52
141 52
142 51
142 51
142 51
143 51
143 51
144 51
144 51
144 51
144 51
145 51
146 51
147 52
147 51
148 51
148 51
148 52
149 52
149 52
149 52
151 52
152 52
152 52
152 52
152 52
153 52
153 52
153 52
153 52
153 52
154 52
155 52
155 51
155 51
156 51
156 51
156 51
156 51
156 51
157 51
157 51
157 50
157 50
157 50
158 50
158 50
158 50
158 50
158 48
158 48
158 47
158 47
157 47
157 47
157 46
157 46
157 46
157 46
158 46
158 46
158 46
159 46
159 45
159 45
160 45
160 45
160 45
160 45
160 45
161 45
161 45
161 44
162 44
162 44
162 43
161 43
161 43
160 43
160 43
160 42
160 42
160 41
160 41
160 41
160 40
160 40
160 40
160 39
160 39
160 39
160 39
160 39
160 38
160 38
160 37
159 37
159 37
159 37
158 37
158 36
158 36
158 36
158 36
158 36
160 36
160 35
161 35
162 35
162 35
162 34
161 34
162 33
162 33
161 33
161 32
161 32
161 32
160 32
160 31
160 31
160 31
159 31
159 31
159 31
159 30
158 30
158 30
158 30
158 30
158 29
159 29
159 29
159 28
159 28
159 28
159 28
158 28
158 28
158 28
158 28
158 27
158 27
158 27
158 27
158 27
158 27
158 26
157 26
157 26
156 26
156 26
156 26
155 26
155 26
155 25
154 25
154 25
154 25
154 25
153 25
153 26
152 25
152 25
152 25
152 25
151 25
151 25
151 25
151 25
151 25
150 24
150 24
149 24
149 24
149 24
149 24
148 23
148 23
148 23
148 22
148 22
147 22
147 22
147 22
146 22
146 21
145 21
145 21
145 21
145 21
144 21
144 21
144 21
143 21
143 21
143 20
143 20
143 20
143 19
143 19
143 18
143 18
143 18
143 18
143 17
143 17
143 17
142 17
142 16
143 16
143 16
143 15
143 15
143 14
144 14
144 14
144 14
144 14
145 14
145 14
146 13
146 13
146 13
147 13
147 13
147 13
147 13
148 12
148 12
149 12
149 12
149 12
149 12
149 12
150 12
150 11
150 11
150 11
151 11
151 11
151 11
152 11
152 11
152 10
152 10
152 10
152 9
153 9
153 9
153 9
154 9
154 9
154 9
154 9
154 9
155 9
155 9
156 8
156 8
156 8
157 8
157 8
157 7
157 7
157 6
157 6
157 6
158 6
158 5
158 5
158 5
158 5
158 4
159 4
159 4
159 3
160 3
160 3
160 3
161 3
161 2
161 2
161 2
161 1
161 1
161 1
161 1
160 1
160 1
160 1
159 1
159 2
159 2
158 2
158 2
158 3
157 3
157 5
156 5
156 5
156 5
155 5
155 6
155 6
155 6
154 6
154 7
154 7
154 7
153 7
153 7
152 7
152 7
152 8
152 8
152 8
152 8
151 9
150 9
150 9
150 9
150 9
150 9
149 9
149 9
148 9
148 9
148 10
148 10
148 10
148 10
148 10
148 10
146 10
146 10
146 11
146 11
146 11
146 11
145 11
145 12
144 12
144 12
144 12
144 12
144 12
144 12
144 12
144 12
143 12
142 12
142 13
142 13
142 13
141 13
141 14
140 14
139 14
139 14
139 14
139 14
139 14
137 14
137 14
137 15
137 15
136 15
136 16
136 16
135 16
135 16
135 16
135 16
135 16
135 15
135 15
135 15
135 15
135 15
135 15
135 15
135 15
135 15
135 15
134 16
134 16
134 16
134 16
133 16
133 16
133 16
133 16
133 16
133 16
132 16
132 16
131 16
131 16
131 17
131 17
131 17
131 17
131 17
131 18
131 19
<<endvertix>>
<endpolygon>
<beginpolygon>
<<beginvertix>>
180 118
180 118
180 117
180 116
180 115
180 114
180 113
180 112
180 111
180 110
180 109
180 108
180 107
180 106
180 105
180 104
180 103
180 102
180 101
180 100
180 99
180 98
180 97
180 96
180 95
180 94
180 93
180 92
180 91
180 90
180 89
180 88
180 87
180 86
180 85
180 84
180 83
180 82
180 81
180 80
180 79
180 78
180 77
180 76
180 75
180 74
180 73
180 72
180 71
180 70
180 69
180 68
180 68
180 68
180 68
180 68
180 68
179 69
179 69
179 69
178 69
178 70
178 70
177 70
177 70
177 71
176 71
176 71
176 71
176 72
176 72
175 72
175 71
175 71
174 71
174 71
174 71
174 71
173 71
173 71
173 71
173 71
173 71
172 71
172 71
171 71
171 71
171 72
171 72
170 72
170 71
169 71
169 71
169 71
168 71
168 71
168 71
168 71
168 71
167 71
167 70
166 70
166 69
167 69
167 69
167 68
167 68
167 68
167 67
167 67
167 67
167 66
167 66
167 66
167 66
167 65
167 65
167 64
167 63
167 63
167 63
167 63
167 63
167 62
167 62
167 61
167 61
167 61
167 61
167 60
167 60
167 60
166 60
166 60
165 60
165 60
165 60
165 60
164 60
164 60
164 60
164 59
164 59
163 59
163 59
162 59
161 60
161 60
161 60
161 60
160 60
160 60
160 60
160 60
160 60
159 60
159 61
159 61
158 61
158 61
158 61
157 61
157 62
157 62
157 62
156 62
156 62
156 62
155 62
154 62
154 62
154 61
154 61
154 61
154 61
154 61
154 61
154 60
153 60
153 60
153 60
152 60
152 60
152 59
152 59
152 59
152 59
151 59
151 59
150 59
150 59
150 58
149 58
149 57
149 57
148 56
148 56
148 56
148 56
147 56
147 55
147 55
147 55
146 55
146 54
147 54
147 54
147 53
147 53
148 53
148 53
148 52
148 52
148 52
148 52
148 52
148 51
147 51
147 52
146 51
145 51
144 51
144 51
144 51
144 51
143 51
143 51
142 51
142 51
142 51
141 52
141 52
141 52
140 52
140 52
140 52
140 52
140 52
139 52
139 52
139 52
139 52
139 51
139 51
138 51
137 51
137 50
136 50
136 49
136 50
136 50
136 50
136 49
135 49
135 49
133 49
133 49
132 49
132 49
132 50
132 50
131 50
130 50
130 50
130 50
130 50
130 50
129 50
129 50
129 50
129 50
128 50
128 50
128 50
128 49
128 49
127 49
127 49
128 49
128 48
128 48
128 48
128 48
128 47
129 46
129 46
129 46
129 45
129 45
129 45
129 44
129 44
129 44
128 44
128 43
128 43
127 43
127 43
127 43
126 43
126 42
126 42
127 41
127 41
127 41
126 41
126 41
126 41
126 41
126 40
126 40
125 40
125 40
125 39
124 39
125 38
125 38
125 38
125 37
125 37
125 37
123 37
123 37
122 37
122 37
122 37
122 37
122 37
121 37
121 37
121 37
121 37
121 36
120 36
120 36
119 36
119 35
119 34
119 34
119 33
119 33
119 33
119 33
119 33
118 33
118 33
117 33
116 33
116 33
116 33
116 32
116 32
116 31
116 31
116 31
115 30
115 30
115 30
115 30
114 30
114 29
114 29
114 29
114 29
113 29
113 29
113 28
114 28
113 28
113 28
113 27
113 27
114 27
114 26
114 26
114 26
114 25
115 25
115 25
115 25
116 25
116 25
116 24
115 24
115 24
115 23
115 23
115 23
116 23
116 23
117 22
117 22
117 22
117 22
117 22
117 21
117 21
117 21
116 21
116 20
116 20
116 20
116 20
115 20
115 20
115 19
115 19
114 19
114 19
114 19
114 19
113 19
112 18
112 18
113 17
113 17
112 17
112 17
112 17
111 16
111 16
111 16
111 16
110 16
110 16
110 16
110 16
107 16
107 17
105 17
105 17
105 17
105 17
103 17
103 18
103 18
103 18
102 18
102 18
102 19
102 19
101 19
101 19
100 19
100 19
100 19
99 20
99 19
98 19
98 19
97 20
97 20
96 20
96 20
96 20
95 20
94 19
94 19
94 19
93 19
93 19
93 19
92 19
92 18
92 18
91 18
91 18
91 18
91 18
91 17
89 17
89 17
89 17
89 17
88 17
88 17
88 17
87 18
87 18
87 18
86 18
86 18
86 18
85 18
85 18
85 18
85 18
85 18
84 19
84 19
84 19
84 19
84 20
83 20
83 20
83 20
82 20
82 20
82 21
82 21
81 21
81 21
81 21
81 22
80 21
80 21
79 22
78 22
78 22
78 22
78 22
78 22
77 22
77 22
77 22
77 22
76 23
76 23
76 23
76 23
76 23
77 24
77 24
78 25
78 25
77 25
77 25
77 26
77 26
77 26
77 26
77 26
77 27
77 27
77 27
77 27
77 27
76 29
76 29
76 29
76 30
76 30
76 30
76 31
76 31
76 31
76 31
76 31
76 32
76 32
75 32
75 32
75 32
75 32
75 33
76 33
76 33
76 34
74 36
73 36
73 36
73 36
73 36
73 37
73 37
73 38
72 38
72 38
72 38
72 39
72 39
72 39
72 40
73 40
73 40
73 40
73 41
73 41
73 41
73 41
73 42
74 42
74 42
74 43
74 43
74 43
74 43
74 43
74 43
73 44
73 44
73 45
74 45
74 46
74 46
74 46
74 46
75 46
75 46
75 47
76 47
76 47
76 47
76 47
77 47
77 47
77 48
78 48
78 47
78 48
78 48
78 48
79 48
79 48
80 48
80 48
80 48
80 49
80 49
81 49
81 50
81 50
81 51
82 51
82 51
82 51
83 51
83 52
83 52
83 52
83 52
84 53
84 53
84 53
84 53
84 54
85 54
85 54
85 54
85 54
85 54
86 55
86 55
86 55
86 55
86 55
86 56
87 56
87 57
87 57
88 57
88 57
88 57
88 58
88 58
88 58
87 58
87 58
86 58
86 58
86 58
85 58
85 59
85 59
85 60
85 60
85 61
84 61
84 61
84 61
84 62
84 62
84 62
84 63
84 63
85 63
85 64
85 64
85 64
85 64
84 64
84 64
84 65
84 65
85 65
85 66
86 66
87 66
87 66
87 67
88 67
88 68
88 68
88 68
89 68
89 68
89 68
89 69
90 69
90 69
90 69
91 69
91 70
91 70
91 70
91 70
92 69
92 69
92 69
93 70
93 70
94 70
94 70
94 70
94 70
94 70
94 70
94 70
95 70
95 70
95 70
95 71
95 71
95 71
95 71
95 71
95 72
95 73
95 73
95 73
95 73
94 73
94 73
93 73
93 74
93 74
92 74
92 74
92 74
92 74
92 74
91 75
91 75
90 75
90 75
89 75
89 76
89 76
89 76
88 76
88 76
88 77
88 77
88 77
87 77
87 78
87 78
87 78
87 79
87 79
87 80
87 80
87 80
87 80
87 81
87 81
87 81
87 81
87 82
87 83
87 83
87 83
86 83
86 83
87 84
87 84
87 84
87 85
88 85
88 85
87 85
87 86
87 86
87 87
87 87
86 87
86 87
85 87
85 87
85 87
85 87
85 86
85 86
84 86
84 86
84 86
84 86
84 87
84 87
83 87
83 87
83 87
82 87
82 88
82 88
82 88
82 89
83 89
83 89
83 89
83 89
84 89
84 90
85 90
85 91
85 91
86 91
86 91
86 91
87 91
87 92
88 92
88 92
88 92
89 93
89 94
89 94
89 94
90 94
90 94
90 94
91 94
91 93
91 93
91 93
91 94
92 94
92 94
92 94
93 94
93 94
93 95
93 95
94 95
94 95
94 95
95 95
95 95
95 95
95 95
95 95
96 95
96 95
96 95
96 95
97 95
97 95
97 95
97 95
98 95
98 94
98 94
99 94
99 94
99 94
99 94
100 94
101 94
101 93
101 93
101 93
101 93
102 94
103 94
103 94
104 94
104 94
104 94
104 94
104 95
104 95
104 95
104 95
104 96
104 96
105 96
105 96
105 96
105 96
105 97
105 97
105 98
105 98
105 98
106 98
106 98
106 98
106 98
107 97
107 97
107 97
107 97
107 97
107 97
107 97
107 97
108 98
108 98
108 98
108 98
108 98
108 99
108 99
108 99
109 99
109 99
109 100
109 100
109 100
110 100
110 101
110 101
111 101
111 101
111 101
111 101
113 101
113 101
113 101
113 101
114 101
114 101
114 101
115 101
115 101
116 101
116 102
116 102
117 101
117 101
117 101
117 101
117 101
117 101
117 101
118 101
118 101
118 101
118 102
118 102
118 102
118 103
118 103
118 103
117 104
117 104
117 104
117 104
116 103
116 104
115 104
115 104
115 104
114 104
114 105
114 105
114 106
113 106
112 107
112 107
112 107
112 107
112 108
112 108
113 109
113 109
113 110
113 110
113 111
113 111
114 111
114 111
114 111
114 112
115 112
115 112
114 112
114 112
113 113
113 113
112 114
112 114
111 115
111 115
111 115
111 115
111 116
112 116
112 117
111 117
111 117
111 117
111 118
111 118
111 118
111 119
111 119
112 119
112 119
112 120
112 120
112 120
111 121
111 121
111 121
111 121
111 122
111 122
111 122
111 122
111 122
111 123
111 123
112 123
112 123
112 122
112 123
112 123
112 123
112 123
112 123
113 123
113 123
113 123
113 123
114 123
114 123
114 123
114 123
114 124
115 124
115 124
115 124
115 124
116 124
116 124
117 123
117 123
117 123
117 123
117 123
118 124
118 124
118 124
118 124
118 124
119 124
119 124
119 124
120 124
120 124
120 124
120 124
121 124
121 124
121 125
122 125
122 125
122 125
122 125
122 125
123 125
123 125
124 125
124 125
124 125
124 125
125 124
125 124
126 124
126 125
126 125
126 126
127 126
127 126
127 127
128 127
128 127
128 127
128 128
128 128
128 128
128 128
129 128
129 128
129 128
130 128
130 128
131 128
131 128
131 128
132 128
132 128
132 128
133 127
133 127
134 127
134 127
134 127
134 127
135 127
135 126
135 126
135 126
135 126
135 126
135 126
135 126
135 126
135 125
136 125
136 125
137 125
137 125
137 125
137 125
137 126
137 126
139 126
139 127
140 127
140 127
141 127
141 127
141 127
142 127
142 127
142 127
142 127
142 127
143 127
143 127
144 127
144 127
144 127
145 127
145 127
145 127
145 127
145 127
145 127
146 127
146 127
147 126
147 126
147 126
148 125
148 125
148 125
148 125
148 125
148 125
148 126
149 126
149 125
149 125
149 125
150 125
150 125
150 125
150 125
151 125
151 125
151 125
152 125
152 125
152 124
152 124
152 124
152 124
152 123
153 123
153 123
153 123
154 123
154 123
154 122
154 122
155 122
155 122
155 122
155 122
156 122
156 122
156 122
157 122
157 121
158 121
158 120
158 120
158 120
158 120
159 120
159 120
159 120
159 120
159 120
160 120
160 119
160 119
161 119
162 118
162 118
163 117
163 117
164 117
164 117
164 117
164 117
164 117
165 117
165 116
165 116
166 116
166 116
166 116
166 116
167 116
167 116
167 115
167 115
168 115
168 115
168 115
168 115
168 115
169 115
169 115
170 116
169 116
169 116
170 117
170 117
170 117
170 117
170 118
171 119
171 119
171 119
172 119
172 119
173 119
173 118
173 118
174 118
174 118
174 118
174 118
175 118
175 118
175 118
176 118
176 118
178 118
178 118
178 118
178 118
178 118
179 118
179 118
179 118
179 118
179 118
180 118
180 118
180 118
180 118
<<endvertix>>
<endpolygon>

<beginpolygon>
<<beginvertix>>
87 7
87 7
87 7
86 9
85 9
85 8
85 8
84 7
83 7
82 7
82 7
81 7
81 7
81 8
81 8
80 9
80 9
79 9
79 9
78 9
78 9
78 9
77 9
77 10
77 10
77 10
77 10
77 10
77 10
76 10
75 10
75 11
75 11
75 11
74 11
74 11
74 11
74 11
74 11
73 11
73 12
73 12
72 12
70 12
69 12
69 12
68 12
67 11
67 11
67 11
66 11
66 11
65 11
65 12
65 12
64 12
64 12
64 12
64 12
64 12
64 12
63 12
63 12
62 12
62 12
62 12
62 12
62 12
61 12
61 12
60 12
59 12
58 12
58 12
57 12
57 12
57 12
56 12
56 12
56 12
55 12
54 12
54 13
54 13
54 13
53 13
53 13
52 13
52 13
52 13
52 13
52 13
51 14
51 14
51 14
49 14
49 14
49 13
49 13
49 13
49 13
49 13
48 13
48 13
48 13
47 12
47 12
45 12
44 12
44 12
43 11
43 11
42 11
42 11
42 11
40 11
40 11
39 10
39 10
39 10
39 10
38 10
38 10
38 10
36 10
36 9
36 9
36 9
35 9
34 8
34 8
33 9
32 9
32 9
32 9
32 9
32 9
32 9
32 9
32 10
33 11
33 11
33 11
33 11
33 11
33 12
33 12
33 12
34 12
34 12
34 12
34 12
34 13
35 14
35 14
35 14
35 15
36 15
36 15
35 16
35 16
36 16
36 17
36 18
37 18
37 18
37 18
37 18
37 19
37 20
38 20
38 20
38 20
38 21
38 21
38 21
38 22
38 22
37 23
37 23
38 23
38 23
39 23
39 25
39 25
39 25
39 25
39 25
39 25
39 25
39 25
39 26
40 26
40 26
40 26
40 27
40 28
40 29
41 29
41 29
41 30
41 30
41 30
41 30
41 30
41 30
41 32
41 32
41 34
41 34
41 35
41 35
40 36
40 37
40 37
40 39
40 39
41 39
41 40
41 40
41 41
41 41
41 41
41 42
41 43
41 43
41 44
40 44
40 44
40 45
41 45
40 45
40 45
41 45
41 46
41 46
41 47
41 47
41 48
41 48
41 48
41 50
41 50
41 51
41 52
41 52
41 53
41 53
41 53
40 53
40 53
40 53
40 54
39 54
39 54
39 54
38 55
38 55
37 55
37 55
36 55
36 55
37 55
37 55
37 55
37 56
38 56
38 56
38 57
38 57
38 57
39 57
39 57
39 57
39 59
39 59
40 59
40 59
40 59
40 60
40 60
40 60
40 60
40 60
40 60
40 60
40 62
41 62
41 62
41 64
41 64
41 65
42 65
42 65
42 65
42 66
42 66
42 66
42 66
42 67
42 68
42 69
42 71
42 71
42 73
42 73
42 73
42 73
42 73
42 74
42 74
41 75
41 75
41 75
41 76
41 76
41 76
41 76
41 76
41 76
41 76
41 77
41 77
41 78
41 78
41 78
40 78
40 78
40 78
41 78
42 78
42 78
42 78
42 78
43 78
44 78
45 78
46 78
47 78
47 78
48 78
48 78
48 78
48 78
47 78
46 79
46 80
45 80
44 80
44 80
44 80
44 80
44 80
44 80
44 80
44 80
45 80
45 81
44 81
44 81
45 81
45 82
45 82
45 83
44 83
44 83
44 84
44 84
44 85
44 85
44 85
44 85
43 84
43 84
43 84
43 84
43 84
43 84
43 84
43 84
42 84
40 84
40 84
41 84
41 83
42 83
43 83
43 82
43 82
43 82
43 82
43 82
43 82
42 82
41 81
41 81
41 81
41 81
41 81
41 81
40 81
40 82
40 82
39 82
39 82
39 82
39 82
39 82
38 82
38 83
37 83
37 83
36 83
36 83
36 83
35 83
34 82
34 82
32 82
32 81
32 81
32 81
32 81
32 81
31 80
31 80
31 80
31 80
30 80
30 80
30 80
28 80
28 80
27 79
27 79
27 79
27 79
26 80
26 80
25 79
25 79
25 79
25 79
24 79
23 79
23 79
22 79
21 78
20 78
20 78
20 79
21 80
21 80
21 80
21 81
22 81
22 81
22 82
22 82
22 83
22 83
22 84
22 84
22 84
21 85
21 85
21 85
21 86
21 86
21 86
21 86
21 86
21 87
20 87
20 87
20 89
19 89
19 89
19 89
18 90
18 90
19 91
19 91
20 91
21 91
22 91
22 91
23 91
23 91
23 91
23 91
23 91
23 91
24 91
24 90
24 90
24 90
24 90
24 90
23 90
23 89
24 89
25 89
25 89
26 89
26 89
26 89
26 89
26 89
26 89
26 89
27 89
27 89
27 89
27 89
28 89
28 89
28 89
28 89
28 89
27 88
28 88
28 87
28 87
28 87
28 87
28 89
28 89
28 89
28 89
28 89
27 89
27 90
27 90
27 90
27 90
27 90
27 90
27 91
27 91
28 91
29 91
29 90
29 91
29 91
30 91
30 90
30 91
30 91
30 90
31 90
31 91
31 91
32 91
32 92
32 92
31 92
30 92
29 93
30 93
30 93
30 93
30 93
31 93
32 93
32 94
33 94
33 95
34 95
34 95
34 96
34 96
34 96
34 96
34 96
34 96
34 96
34 96
34 95
34 94
35 94
36 94
37 94
37 94
36 94
36 94
35 96
35 96
35 96
34 98
34 98
34 98
34 98
34 98
33 100
33 100
32 100
32 100
32 99
32 99
32 99
32 99
32 99
32 99
31 100
31 100
31 101
32 101
33 101
34 101
34 102
34 103
35 103
35 105
36 105
37 105
37 105
36 105
36 105
35 105
36 106
36 106
36 106
36 106
36 106
36 107
37 107
37 107
37 107
38 107
38 107
38 107
39 107
39 107
39 107
39 107
39 108
40 108
40 107
40 108
41 108
41 108
41 108
43 108
43 108
43 108
44 108
44 108
44 107
45 107
45 107
45 107
45 107
45 106
45 106
46 106
46 106
46 106
47 106
47 106
47 106
48 105
48 105
49 105
49 105
49 105
49 105
50 105
51 105
51 105
52 105
52 105
53 105
53 105
54 105
54 105
55 105
55 106
55 106
55 106
55 107
55 107
56 107
56 107
56 107
57 108
57 108
57 108
57 108
58 108
58 108
58 108
59 109
59 109
59 109
60 110
60 110
61 111
61 111
62 111
62 111
62 112
63 112
63 112
64 112
64 112
64 113
64 113
64 113
65 113
65 113
65 114
66 115
66 115
66 115
66 115
67 115
67 115
68 115
68 115
69 116
69 116
69 116
69 116
70 117
70 117
70 117
71 117
71 117
71 118
72 118
72 118
72 118
72 118
72 118
72 118
73 119
73 119
73 119
73 119
73 120
73 120
73 120
73 121
74 121
74 121
75 121
75 121
76 121
77 121
77 121
77 121
77 122
78 122
78 122
78 122
78 123
79 123
79 123
79 124
80 124
80 124
80 125
80 125
80 125
80 125
81 125
81 126
81 126
82 126
82 126
82 126
83 126
83 126
83 127
83 127
84 127
84 127
84 128
84 128
85 128
85 128
85 128
86 128
86 129
86 129
86 129
86 129
88 129
88 129
88 129
88 129
88 129
89 129
89 129
90 129
90 129
90 129
90 130
91 129
92 129
92 130
92 130
92 130
92 131
93 131
93 130
93 130
94 130
94 130
94 130
95 130
95 131
95 131
95 130
96 130
96 130
97 130
97 131
97 131
97 131
97 131
98 131
98 131
98 130
98 130
99 130
99 130
99 130
100 130
100 129
100 129
100 129
101 129
101 129
101 128
101 128
101 128
101 127
101 127
101 127
101 126
101 126
102 126
102 126
102 126
103 126
104 126
104 126
104 126
104 126
104 125
104 125
104 125
105 125
105 125
106 124
106 124
106 123
106 123
107 123
107 123
108 123
108 123
109 123
110 123
110 123
110 123
110 122
110 122
111 122
111 122
111 122
111 122
111 122
111 121
111 121
111 121
111 121
112 120
112 120
112 120
112 119
112 119
111 119
111 119
111 118
111 118
111 118
111 117
111 117
111 117
112 117
112 116
111 116
111 115
111 115
111 115
111 115
112 114
112 114
113 113
113 113
114 112
114 112
115 112
115 112
114 112
114 111
114 111
114 111
113 111
113 111
113 110
113 110
113 109
113 109
112 108
112 108
112 107
112 107
112 107
112 107
113 106
114 106
114 105
114 105
114 104
115 104
115 104
115 104
116 104
116 103
117 104
117 104
117 104
117 104
118 103
118 103
118 103
118 102
118 102
118 102
118 101
118 101
118 101
117 101
117 101
117 101
117 101
117 101
117 101
117 101
116 102
116 102
116 101
115 101
115 101
114 101
114 101
114 101
113 101
113 101
113 101
113 101
111 101
111 101
111 101
111 101
110 101
110 101
110 100
109 100
109 100
109 100
109 99
109 99
108 99
108 99
108 99
108 98
108 98
108 98
108 98
108 98
107 97
107 97
107 97
107 97
107 97
107 97
107 97
107 97
106 98
106 98
106 98
106 98
105 98
105 98
105 98
105 97
105 97
105 96
105 96
105 96
105 96
104 96
104 96
104 95
104 95
104 95
104 95
104 94
104 94
104 94
104 94
103 94
103 94
102 94
101 93
101 93
101 93
101 93
101 94
100 94
99 94
99 94
99 94
99 94
98 94
98 94
98 95
97 95
97 95
97 95
97 95
96 95
96 95
96 95
96 95
95 95
95 95
95 95
95 95
95 95
94 95
94 95
94 95
93 95
93 95
93 94
93 94
92 94
92 94
92 94
91 94
91 93
91 93
91 93
91 94
90 94
90 94
90 94
89 94
89 94
89 94
89 93
88 92
88 92
88 92
87 92
87 91
86 91
86 91
86 91
85 91
85 91
85 90
84 90
84 89
83 89
83 89
83 89
83 89
82 89
82 88
82 88
82 88
82 87
83 87
83 87
83 87
84 87
84 87
84 86
84 86
84 86
84 86
85 86
85 86
85 87
85 87
85 87
85 87
86 87
86 87
87 87
87 87
87 86
87 86
87 85
88 85
88 85
87 85
87 84
87 84
87 84
86 83
86 83
87 83
87 83
87 83
87 82
87 81
87 81
87 81
87 81
87 80
87 80
87 80
87 80
87 79
87 79
87 78
87 78
87 78
87 77
88 77
88 77
88 77
88 76
88 76
89 76
89 76
89 76
89 75
90 75
90 75
91 75
91 75
92 74
92 74
92 74
92 74
92 74
93 74
93 74
93 73
94 73
94 73
95 73
95 73
95 73
95 73
95 72
95 71
95 71
95 71
95 71
95 71
95 70
95 70
95 70
94 70
94 70
94 70
94 70
94 70
94 70
94 70
93 70
93 70
92 69
92 69
92 69
91 70
91 70
91 70
91 70
91 69
90 69
90 69
90 69
89 69
89 68
89 68
89 68
88 68
88 68
88 68
88 67
87 67
87 66
87 66
86 66
85 66
85 65
84 65
84 65
84 65
84 64
85 64
85 64
85 64
85 64
85 63
84 63
84 63
84 62
84 62
84 62
84 61
84 61
84 61
85 61
85 60
85 60
85 59
85 59
85 58
86 58
86 58
86 58
87 58
87 58
88 58
88 58
88 58
88 57
88 57
88 57
87 57
87 57
87 56
86 56
86 55
86 55
86 55
86 55
86 55
85 54
85 54
85 54
85 54
85 54
84 54
84 53
84 53
84 53
84 53
83 52
83 52
83 52
83 52
83 51
82 51
82 51
82 51
81 51
81 50
81 50
81 49
80 49
80 49
80 48
80 48
80 48
79 48
79 48
78 48
78 48
78 48
78 47
78 48
77 48
77 47
77 47
76 47
76 47
76 47
76 47
75 47
75 46
75 46
74 46
74 46
74 46
74 46
74 45
73 45
73 44
73 44
74 43
74 43
74 43
74 43
74 43
74 43
74 42
74 42
73 42
73 41
73 41
73 41
73 41
73 40
73 40
73 40
72 40
72 39
72 39
72 39
72 38
72 38
72 38
73 38
73 37
73 37
73 36
73 36
73 36
73 36
74 36
76 34
76 33
76 33
75 33
75 32
75 32
75 32
75 32
76 32
76 32
76 31
76 31
76 31
76 31
76 31
76 30
76 30
76 30
76 29
76 29
76 29
77 27
77 27
77 27
77 27
77 27
77 26
77 26
77 26
77 26
77 26
77 25
77 25
78 25
78 25
77 24
77 24
76 23
76 23
76 23
76 23
76 23
77 22
77 22
77 22
77 22
78 22
78 22
78 22
78 22
78 22
79 22
80 21
80 21
81 22
81 21
81 21
81 21
82 21
82 21
82 20
82 20
83 20
83 20
83 20
84 20
84 19
84 19
84 19
84 19
85 18
85 18
85 18
85 18
85 18
86 18
86 18
86 18
87 18
87 18
87 18
88 17
88 17
88 17
89 17
89 17
89 17
89 17
91 17
91 18
91 18
91 18
91 18
92 18
92 18
92 19
93 19
93 19
93 19
94 19
94 19
94 19
95 19
96 19
96 20
96 20
97 20
97 20
98 19
98 19
99 19
99 20
100 19
100 19
100 19
101 19
101 19
102 19
102 19
102 18
102 18
103 18
103 18
103 18
103 17
105 17
105 17
105 17
105 17
107 17
107 16
110 16
110 16
110 16
110 16
111 16
111 16
111 16
111 16
110 16
110 16
110 16
107 16
107 16
106 16
106 16
106 16
104 16
104 15
104 15
104 15
104 15
103 15
102 15
102 15
101 14
101 14
100 14
99 14
99 13
99 12
99 12
99 12
99 12
99 12
99 12
98 12
98 12
98 12
98 12
97 11
97 11
97 11
97 11
97 11
97 11
97 11
96 11
95 11
95 10
95 10
95 10
95 10
95 10
94 10
93 10
93 9
93 9
93 9
93 9
93 9
93 9
91 9
91 8
91 8
90 8
90 7
90 7
90 7
90 7
90 7
90 7
90 7
89 7
89 7
89 9
89 9
88 8
87 8
87 7
<<endvertix>>
<endpolygon>

<beginpolygon>
<<beginvertix>>
32 104
32 104
32 104
31 104
31 104
31 104
31 104
31 105
30 105
30 105
30 105
30 105
29 105
29 105
29 105
29 105
29 105
28 105
28 105
28 105
27 105
27 105
26 105
26 105
26 105
25 105
25 105
25 105
25 105
24 105
24 106
24 106
24 106
23 106
24 106
24 107
24 107
23 107
24 108
24 108
24 109
24 109
25 109
25 109
25 109
25 111
24 111
24 111
23 112
23 112
23 112
23 112
23 112
24 114
25 114
25 114
25 114
25 114
26 115
26 115
26 115
26 115
26 115
26 115
26 116
26 116
26 116
27 116
27 116
27 116
27 116
28 116
28 116
28 116
28 116
29 116
29 117
29 117
30 117
30 118
30 118
30 118
30 118
30 118
30 119
30 119
31 120
31 120
31 120
31 120
31 120
32 121
32 121
32 122
31 122
31 122
31 122
32 123
32 123
32 123
32 123
31 124
31 124
30 124
30 124
31 124
31 125
31 125
31 126
32 126
32 126
32 126
32 127
32 127
32 127
32 128
32 128
33 128
33 128
33 128
33 127
33 127
33 127
34 127
34 127
34 128
34 128
34 128
35 128
35 129
35 129
35 129
35 129
35 130
36 130
36 130
36 130
36 131
36 131
36 131
36 131
36 131
36 132
37 133
37 133
37 133
37 134
38 134
38 134
38 134
38 134
39 134
39 134
39 134
40 134
40 134
40 133
40 133
40 133
41 133
41 133
41 133
41 134
42 134
42 133
43 133
44 133
44 133
44 134
44 134
44 134
43 135
43 135
43 135
44 136
44 136
44 136
44 136
45 136
45 136
45 136
46 136
46 137
46 137
46 137
46 138
45 138
45 138
46 138
45 138
45 139
45 139
45 140
45 140
45 140
46 140
46 140
47 140
47 141
47 141
48 141
49 141
49 141
49 142
49 142
50 142
50 143
50 143
50 143
50 143
49 143
49 144
50 144
50 144
50 144
51 145
51 146
51 146
51 146
51 146
52 146
53 147
53 147
53 147
53 147
53 147
54 147
54 147
55 148
55 148
55 148
54 149
54 149
55 149
55 150
55 150
55 151
55 151
55 151
55 151
54 152
54 153
54 153
54 153
55 154
55 154
54 154
54 154
55 154
55 155
55 155
55 155
55 155
56 155
56 155
56 156
57 156
57 156
57 156
57 156
58 156
58 156
58 155
58 155
58 155
59 156
59 156
60 156
60 156
60 156
60 156
60 156
61 155
61 155
62 154
62 154
62 154
63 154
63 154
63 154
64 154
64 155
65 155
65 156
65 156
65 156
66 156
66 157
66 157
66 157
66 157
66 158
67 158
67 159
67 159
67 159
67 159
68 160
68 160
69 160
69 160
69 160
69 160
69 160
70 160
71 160
71 160
72 161
72 161
73 161
73 161
73 161
73 161
74 161
75 161
75 161
75 162
76 162
76 162
77 162
77 161
78 161
78 162
79 162
79 163
81 163
82 163
82 162
83 162
83 163
84 163
84 163
85 163
85 164
85 164
87 164
87 164
87 164
87 164
88 164
88 164
88 164
89 164
89 164
89 165
90 165
90 166
90 166
90 166
91 166
91 166
91 167
91 167
92 167
92 168
92 168
92 168
92 169
92 169
93 169
93 169
94 169
94 169
94 169
95 169
95 169
96 170
96 170
96 170
97 170
97 171
98 171
98 171
98 171
98 171
99 171
99 171
100 172
100 173
100 173
100 173
100 173
100 174
100 174
100 174
100 174
100 175
100 175
101 175
101 175
102 175
102 175
102 176
102 176
102 176
102 176
102 176
102 177
103 177
103 178
103 178
103 178
103 178
104 178
104 178
106 178
106 179
106 179
106 179
107 179
107 179
107 179
108 179
108 180
109 180
109 180
109 180
109 180
110 179
110 179
110 179
110 179
111 179
112 180
112 180
112 180
112 180
112 180
113 180
113 180
113 180
113 180
113 180
114 180
114 180
114 180
114 180
114 181
114 181
114 181
115 181
115 182
115 182
116 182
116 182
116 182
116 181
117 181
117 182
117 182
117 182
118 182
118 182
118 182
118 182
119 182
119 182
120 182
119 182
119 181
120 181
120 181
120 181
120 181
120 180
120 180
120 180
119 179
119 179
119 179
119 179
119 179
120 179
120 179
120 178
120 178
120 178
120 177
121 177
121 177
121 177
121 177
122 177
122 177
123 176
123 176
123 176
123 175
123 175
123 175
122 175
123 174
124 174
124 174
124 173
125 173
125 173
125 173
126 173
126 173
126 173
126 173
126 172
127 172
127 171
128 171
129 171
129 171
129 171
130 171
130 171
130 171
131 171
131 171
131 171
131 171
132 171
132 171
133 171
133 170
133 170
133 170
133 170
135 170
135 170
136 170
136 170
137 170
138 171
138 171
138 171
139 170
139 170
139 170
140 169
141 169
141 169
141 169
142 170
142 169
143 169
143 169
143 169
143 169
144 170
144 170
144 170
145 170
145 170
145 170
145 171
145 170
146 170
146 170
146 170
146 169
147 170
147 170
147 170
147 170
148 170
148 171
148 171
149 171
149 171
149 171
150 171
150 171
152 171
152 171
153 171
153 171
153 172
153 172
154 172
154 172
154 172
155 172
155 172
155 173
155 173
155 173
156 173
156 174
157 174
157 174
158 174
158 175
158 175
158 175
158 175
158 176
159 176
159 176
159 176
159 176
159 176
159 176
160 177
160 177
162 177
163 177
163 177
163 178
163 178
163 179
164 179
164 179
164 179
165 180
165 180
166 180
167 180
167 180
167 180
167 180
167 180
168 181
168 181
168 181
169 181
170 181
170 181
171 181
172 181
172 182
172 182
172 182
172 182
172 183
172 183
172 183
173 183
174 183
175 183
175 183
175 183
176 183
176 184
176 184
176 184
177 184
178 184
178 184
179 185
179 185
179 185
180 185
180 185
179 185
179 185
179 186
179 186
179 186
180 186
180 186
180 186
180 185
180 184
180 183
180 182
180 181
180 180
180 179
180 178
180 177
180 176
180 175
180 174
180 173
180 172
180 171
180 170
180 169
180 168
180 167
180 166
180 165
180 164
180 163
180 162
180 161
180 160
180 159
180 158
180 157
180 156
180 155
180 154
180 153
180 152
180 151
180 150
180 149
180 148
180 147
180 146
180 145
180 144
180 143
180 142
180 141
180 140
180 139
180 138
180 137
180 136
180 135
180 134
180 133
180 132
180 131
180 130
180 129
180 128
180 127
180 126
180 125
180 124
180 123
180 122
180 121
180 120
180 119
180 118
180 118
180 118
180 118
179 118
179 118
179 118
179 118
179 118
178 118
178 118
178 118
178 118
178 118
176 118
176 118
175 118
175 118
175 118
174 118
174 118
174 118
174 118
173 118
173 118
173 119
172 119
172 119
171 119
171 119
171 119
170 118
170 117
170 117
170 117
170 117
169 116
169 116
170 116
169 115
169 115
168 115
168 115
168 115
168 115
168 115
167 115
167 115
167 116
167 116
166 116
166 116
166 116
166 116
165 116
165 116
165 117
164 117
164 117
164 117
164 117
164 117
163 117
163 117
162 118
162 118
161 119
160 119
160 119
160 120
159 120
159 120
159 120
159 120
159 120
158 120
158 120
158 120
158 120
158 121
157 121
157 122
156 122
156 122
156 122
155 122
155 122
155 122
155 122
154 122
154 122
154 123
154 123
153 123
153 123
153 123
152 123
152 124
152 124
152 124
152 124
152 125
152 125
151 125
151 125
151 125
150 125
150 125
150 125
150 125
149 125
149 125
149 125
149 126
148 126
148 125
148 125
148 125
148 125
148 125
148 125
147 126
147 126
147 126
146 127
146 127
145 127
145 127
145 127
145 127
145 127
145 127
144 127
144 127
144 127
143 127
143 127
142 127
142 127
142 127
142 127
142 127
141 127
141 127
141 127
140 127
140 127
139 127
139 126
137 126
137 126
137 125
137 125
137 125
137 125
136 125
136 125
135 125
135 126
135 126
135 126
135 126
135 126
135 126
135 126
135 126
135 127
134 127
134 127
134 127
134 127
133 127
133 127
132 128
132 128
132 128
131 128
131 128
131 128
130 128
130 128
129 128
129 128
129 128
128 128
128 128
128 128
128 128
128 127
128 127
128 127
127 127
127 126
127 126
126 126
126 125
126 125
126 124
125 124
125 124
124 125
124 125
124 125
124 125
123 125
123 125
122 125
122 125
122 125
122 125
122 125
121 125
121 124
121 124
120 124
120 124
120 124
120 124
119 124
119 124
119 124
118 124
118 124
118 124
118 124
118 124
117 123
117 123
117 123
117 123
117 123
116 124
116 124
115 124
115 124
115 124
115 124
114 124
114 123
114 123
114 123
114 123
113 123
113 123
113 123
113 123
112 123
112 123
112 123
112 123
112 123
112 122
112 123
112 123
111 123
111 123
111 122
111 122
111 122
110 122
110 122
110 123
110 123
110 123
109 123
108 123
108 123
107 123
107 123
106 123
106 123
106 124
106 124
105 125
105 125
104 125
104 125
104 125
104 126
104 126
104 126
104 126
103 126
102 126
102 126
102 126
101 126
101 126
101 127
101 127
101 127
101 128
101 128
101 128
101 129
101 129
100 129
100 129
100 129
100 130
99 130
99 130
99 130
98 130
98 130
98 131
98 131
97 131
97 131
97 131
97 131
97 130
96 130
96 130
95 130
95 131
95 131
95 130
94 130
94 130
94 130
93 130
93 130
93 131
92 131
92 130
92 130
92 130
92 129
91 129
90 130
90 129
90 129
90 129
89 129
89 129
88 129
88 129
88 129
88 129
88 129
86 129
86 129
86 129
86 129
86 128
85 128
85 128
85 128
84 128
84 128
84 127
84 127
83 127
83 127
83 126
83 126
82 126
82 126
82 126
81 126
81 126
81 125
80 125
80 125
80 125
80 125
80 124
80 124
79 124
79 123
79 123
78 123
78 122
78 122
78 122
77 122
77 121
77 121
77 121
76 121
75 121
75 121
74 121
74 121
73 121
73 120
73 120
73 120
73 119
73 119
73 119
73 119
72 118
72 118
72 118
72 118
72 118
72 118
71 118
71 117
71 117
70 117
70 117
70 117
69 116
69 116
69 116
69 116
68 115
68 115
67 115
67 115
66 115
66 115
66 115
66 115
65 114
65 113
65 113
64 113
64 113
64 113
64 112
64 112
63 112
63 112
62 112
62 111
62 111
61 111
61 111
60 110
60 110
59 109
59 109
59 109
58 108
58 108
58 108
57 108
57 108
57 108
57 108
56 107
56 107
56 107
55 107
55 107
55 106
55 106
55 106
55 105
54 105
54 105
53 105
53 105
52 105
52 105
51 105
51 105
50 105
49 105
49 105
49 105
49 105
48 105
48 105
47 106
47 106
47 106
46 106
46 106
46 106
45 106
45 106
45 107
45 107
45 107
45 107
44 107
44 108
44 108
43 108
43 108
43 108
41 108
41 108
41 108
40 108
40 107
40 108
39 108
39 107
39 107
39 107
39 107
38 107
38 107
38 107
37 107
37 107
37 107
36 107
36 106
36 106
36 106
36 106
36 106
35 106
35 106
34 105
34 105
34 105
32 105
32 105
32 104
<<endvertix>>
<endpolygon>

<beginpolygon>
<<beginvertix>>
45 140
45 140
45 140
45 140
45 139
45 139
45 138
46 138
45 138
45 138
46 138
46 137
46 137
46 137
46 136
45 136
45 136
45 136
44 136
44 136
44 136
44 136
43 135
43 135
43 135
44 134
44 134
44 134
44 133
44 133
44 133
42 133
42 134
41 134
41 133
41 133
41 133
40 133
40 133
40 133
40 134
40 134
39 134
39 134
39 134
38 134
38 134
38 134
38 134
37 134
37 133
37 133
37 133
36 132
36 131
36 131
36 131
36 131
36 131
36 130
36 130
36 130
35 130
35 129
35 129
35 129
35 129
35 128
34 128
34 128
34 128
34 127
34 127
33 127
33 127
33 127
33 128
33 128
33 128
32 128
32 128
32 127
32 127
32 127
32 126
32 126
32 126
31 126
31 125
31 125
31 124
30 124
30 124
31 124
31 124
32 123
32 123
32 123
32 123
31 122
31 122
31 122
32 122
32 121
32 121
31 120
31 120
31 120
31 120
31 120
30 119
30 119
30 118
30 118
30 118
30 118
30 118
30 117
29 117
29 117
29 116
28 116
28 116
28 116
28 116
27 116
27 116
27 116
27 116
26 116
26 116
26 116
26 115
26 115
26 115
26 115
26 115
26 115
25 114
25 114
25 114
25 114
24 114
23 112
23 112
23 112
23 112
23 112
24 111
24 111
25 111
25 109
25 109
25 109
24 109
24 109
24 108
24 108
23 107
24 107
24 107
24 106
23 106
24 106
24 106
24 106
24 105
25 105
25 105
25 105
25 105
26 105
26 105
26 105
27 105
27 105
28 105
28 105
28 105
29 105
29 105
29 105
29 105
29 105
30 105
30 105
30 105
30 105
31 105
31 104
31 104
31 104
31 104
31 104
31 103
31 103
31 103
31 103
31 103
30 103
30 103
30 103
29 102
29 101
28 101
28 100
28 100
27 99
27 99
26 98
26 97
26 96
26 95
26 95
26 95
26 95
25 94
25 93
25 93
24 93
23 93
23 93
22 93
21 92
21 92
19 92
19 92
17 92
16 92
15 92
15 91
15 91
15 91
15 91
15 91
15 91
15 91
15 91
14 91
13 91
13 92
12 92
12 92
12 92
11 92
11 92
11 92
11 92
10 92
10 92
10 92
10 92
9 92
9 92
8 92
8 92
8 92
7 92
7 92
7 93
7 94
7 94
7 95
7 95
6 96
6 96
6 96
6 96
6 96
6 96
6 96
6 96
6 97
7 98
7 98
7 98
7 99
8 99
8 99
8 100
8 100
8 100
8 101
9 101
9 101
9 101
9 101
9 101
9 102
9 103
10 103
10 103
10 103
10 103
10 103
10 105
10 105
10 105
10 106
10 106
10 106
10 107
10 107
10 108
10 108
10 108
10 108
10 108
10 108
10 109
10 110
10 112
10 112
11 112
11 112
11 112
11 112
11 112
11 112
11 113
12 114
12 114
12 114
12 115
13 116
13 116
13 116
13 117
14 117
14 117
14 118
14 118
14 118
14 118
14 119
14 119
14 119
14 119
14 119
14 119
14 121
14 121
14 121
14 122
14 122
14 122
13 123
13 123
13 123
13 124
13 124
13 124
13 124
13 124
13 124
12 125
13 125
13 125
14 125
14 125
14 125
14 125
15 125
15 126
16 126
16 126
16 126
17 126
17 127
18 127
18 127
18 127
18 128
19 128
19 128
19 128
19 128
19 128
19 128
20 128
20 127
20 127
20 127
20 127
20 127
21 127
21 127
21 127
21 128
20 128
20 128
20 128
20 129
20 129
20 129
20 130
20 130
20 130
21 130
21 130
21 130
21 131
22 131
22 131
22 132
22 132
22 132
23 132
23 132
23 132
23 132
23 133
24 133
24 133
24 133
24 133
24 133
24 134
25 134
25 134
25 134
25 134
25 134
25 134
25 135
26 135
26 135
26 135
26 135
27 135
27 135
28 135
28 135
28 135
27 137
27 137
27 137
27 138
27 138
27 139
27 139
27 139
27 140
28 140
28 141
28 141
28 141
28 143
28 143
29 143
28 143
28 143
29 143
29 144
29 144
29 144
29 144
29 144
29 144
29 144
29 146
29 146
30 146
30 146
30 146
30 146
30 146
30 146
30 147
31 147
31 148
31 148
31 148
31 149
32 149
32 150
32 150
32 150
32 150
32 150
32 150
32 150
32 151
32 152
33 152
33 152
33 152
33 152
33 152
33 153
34 154
34 154
34 154
34 154
34 154
34 155
34 155
34 155
34 156
35 156
35 156
35 156
35 156
35 156
35 157
35 157
35 157
35 158
36 158
36 158
36 158
36 158
36 158
36 159
36 160
37 160
37 160
37 160
37 162
37 162
37 163
38 163
38 163
38 164
38 164
38 164
38 164
37 166
36 166
36 166
36 166
36 166
36 166
36 166
36 166
35 167
36 167
36 167
36 167
36 168
36 168
36 168
37 169
37 169
37 169
37 169
37 169
37 169
37 169
37 171
37 171
38 171
38 171
38 171
38 171
38 171
38 173
38 173
39 173
39 173
39 174
39 174
39 174
39 175
39 175
39 175
39 176
40 176
40 176
40 176
40 177
40 177
40 177
40 177
40 178
40 179
41 179
41 180
41 180
41 180
41 180
41 180
41 180
41 182
41 182
42 182
42 183
42 183
42 183
42 183
42 183
42 184
42 185
43 186
43 186
43 186
43 186
43 187
43 187
44 187
44 187
44 189
44 189
44 189
44 189
44 189
44 189
44 189
44 189
44 189
44 189
44 189
43 190
44 190
44 190
44 191
44 191
44 191
44 191
44 193
44 193
45 193
45 193
45 194
45 194
45 194
45 194
45 194
45 194
45 196
45 196
46 196
46 196
46 196
46 196
46 196
46 196
46 195
46 195
46 195
46 195
46 193
46 193
45 193
45 192
45 191
45 191
45 192
45 192
45 191
45 191
45 191
44 191
44 190
44 190
44 190
44 190
44 190
44 190
45 190
46 190
46 189
46 188
47 188
47 189
48 189
48 189
49 189
49 191
49 191
48 191
48 191
48 191
48 191
47 193
48 193
48 193
48 193
48 193
48 193
47 194
48 194
48 196
48 196
49 196
49 198
49 198
49 200
48 200
48 200
47 199
47 198
47 198
47 198
46 199
47 199
47 199
47 200
47 200
47 200
47 200
47 200
47 200
47 201
47 202
48 202
48 203
48 203
48 203
48 203
48 205
48 205
48 206
49 206
49 207
49 207
48 207
48 207
49 207
49 209
48 209
48 209
48 210
48 212
48 212
48 212
48 213
48 213
48 213
47 214
48 214
48 214
49 214
49 214
49 214
49 213
49 213
50 213
50 213
50 213
50 213
51 213
51 213
51 212
51 212
52 212
51 212
51 211
52 211
52 211
52 210
52 210
52 210
52 210
53 210
53 209
53 209
53 209
53 209
53 209
53 208
53 208
53 208
53 208
53 208
53 208
54 207
54 207
54 207
54 207
54 206
54 206
54 206
54 205
55 205
56 204
56 204
56 204
56 204
56 203
56 203
56 203
56 203
56 203
57 203
57 203
57 204
57 204
58 204
58 204
58 204
58 205
58 205
59 204
59 204
60 204
60 204
60 204
60 204
60 203
61 203
61 203
61 203
62 203
62 203
62 203
62 203
62 202
63 202
63 202
63 202
64 201
64 201
65 201
65 201
65 201
66 201
66 201
67 201
67 201
67 201
68 201
68 201
68 201
68 201
68 201
69 201
69 201
69 201
69 200
69 200
69 200
69 200
70 200
70 200
71 199
71 199
72 199
72 199
72 199
72 199
72 199
73 198
73 198
73 198
74 198
74 198
74 198
75 198
75 199
75 199
76 198
76 198
76 198
76 199
76 199
76 199
76 200
76 200
76 200
77 201
77 200
77 200
77 201
77 201
78 201
78 201
79 201
80 201
81 202
81 201
81 201
81 201
82 201
82 201
82 201
83 201
83 201
83 201
83 201
83 201
84 201
84 201
84 201
84 201
85 201
86 201
86 201
86 201
87 201
87 200
87 200
87 200
87 200
88 199
88 199
88 199
88 199
88 199
89 199
89 198
89 198
90 198
90 198
90 198
90 198
92 198
92 198
92 198
92 198
92 198
92 198
92 198
93 198
93 198
93 198
94 198
94 198
95 198
95 199
95 199
96 198
96 198
96 199
96 199
97 199
97 199
98 199
98 199
98 199
99 199
99 199
100 200
100 200
100 200
100 201
101 201
101 201
102 201
102 201
102 201
103 201
103 201
103 200
103 200
103 200
103 200
103 199
103 199
103 199
103 198
103 198
104 198
104 198
104 198
105 198
105 198
106 198
106 198
106 198
106 198
106 197
106 197
106 197
107 197
107 197
108 197
108 196
108 196
108 196
109 196
109 196
109 196
110 196
110 196
110 196
110 195
111 195
111 195
111 195
111 195
111 194
112 194
112 195
112 194
112 194
113 194
113 195
113 195
113 195
114 195
115 195
115 195
115 195
116 195
116 195
116 195
116 195
116 195
116 195
116 194
117 194
117 194
117 194
117 194
118 193
118 193
118 193
118 192
118 192
118 192
118 191
118 191
118 190
118 190
118 189
117 189
118 189
118 189
118 188
118 188
118 188
118 187
118 186
118 186
118 186
118 186
118 185
117 185
117 185
117 185
117 185
117 184
117 184
117 184
117 184
117 183
117 183
116 183
116 183
116 183
116 183
116 182
116 182
115 182
115 182
115 181
114 181
114 181
114 181
114 180
114 180
114 180
114 180
113 180
113 180
113 180
113 180
113 180
112 180
112 180
112 180
112 180
112 180
111 179
110 179
110 179
110 179
110 179
109 180
109 180
109 180
109 180
108 180
108 179
107 179
107 179
107 179
106 179
106 179
106 179
106 178
104 178
104 178
103 178
103 178
103 178
103 178
103 177
102 177
102 176
102 176
102 176
102 176
102 176
102 175
102 175
101 175
101 175
100 175
100 175
100 174
100 174
100 174
100 174
100 173
100 173
100 173
100 173
100 172
99 171
99 171
98 171
98 171
98 171
98 171
97 171
97 170
96 170
96 170
96 170
95 169
95 169
94 169
94 169
94 169
93 169
93 169
92 169
92 169
92 168
92 168
92 168
92 167
91 167
91 167
91 166
91 166
90 166
90 166
90 166
90 165
89 165
89 164
89 164
88 164
88 164
88 164
87 164
87 164
87 164
87 164
85 164
85 164
85 163
84 163
84 163
83 163
83 162
82 162
82 163
81 163
79 163
79 162
78 162
78 161
77 161
77 162
76 162
76 162
75 162
75 161
75 161
74 161
73 161
73 161
73 161
73 161
72 161
72 161
71 160
71 160
70 160
69 160
69 160
69 160
69 160
69 160
68 160
68 160
67 159
67 159
67 159
67 159
67 158
66 158
66 157
66 157
66 157
66 157
66 156
65 156
65 156
65 156
65 155
64 155
64 154
63 154
63 154
63 154
62 154
62 154
62 154
61 155
61 155
60 156
60 156
60 156
60 156
60 156
59 156
59 156
58 155
58 155
58 155
58 156
58 156
57 156
57 156
57 156
57 156
56 156
56 155
56 155
55 155
55 155
55 155
55 155
55 154
54 154
54 154
55 154
55 154
54 153
54 153
54 153
54 152
55 151
55 151
55 151
55 151
55 150
55 150
55 149
54 149
54 149
55 148
55 148
55 148
54 147
54 147
53 147
53 147
53 147
53 147
53 147
52 146
51 146
51 146
51 146
51 146
51 145
50 144
50 144
50 144
49 144
49 143
50 143
50 143
50 143
50 143
50 142
49 142
49 142
49 141
49 141
48 141
47 141
47 141
47 140
46 140
46 140
45 140
45 140
45 140
<<endvertix>>
<endpolygon>

<beginpolygon>
<<beginvertix>>
180 310
180 310
180 309
180 308
180 307
180 306
180 305
180 304
180 303
180 302
180 301
180 300
180 299
180 298
180 297
180 296
180 295
180 294
180 293
180 292
180 291
180 290
180 289
180 288
180 287
180 286
180 285
180 284
180 283
180 282
180 281
180 280
180 279
180 278
180 277
180 276
180 275
180 274
180 273
180 272
180 271
180 270
180 269
180 268
180 267
180 266
180 265
180 264
180 263
180 262
180 261
180 260
180 259
180 258
180 257
180 256
180 255
180 254
180 253
180 252
180 251
180 250
180 249
180 248
180 247
180 246
180 245
180 244
180 243
180 242
180 241
180 240
180 239
180 238
180 237
180 236
180 235
180 234
180 233
180 232
180 231
180 230
180 229
180 228
180 227
180 226
180 225
180 224
180 223
180 222
180 221
180 220
180 219
180 218
180 217
180 216
180 215
180 214
180 213
180 212
180 211
180 210
180 209
180 208
180 207
180 206
180 205
180 204
180 203
180 202
180 201
180 200
180 199
180 198
180 197
180 196
180 195
180 194
180 193
180 192
180 191
180 190
180 189
180 188
180 187
180 186
180 186
179 186
179 186
179 186
179 185
179 185
180 185
180 185
179 185
179 185
179 185
178 184
178 184
177 184
176 184
176 184
176 184
176 183
175 183
175 183
175 183
174 183
173 183
172 183
172 183
172 183
172 182
172 182
172 182
172 182
172 181
171 181
170 181
170 181
169 181
168 181
168 181
168 181
167 180
167 180
167 180
167 180
167 180
166 180
165 180
165 180
164 179
164 179
164 179
163 179
163 178
163 178
163 177
163 177
162 177
160 177
160 177
159 176
159 176
159 176
159 176
159 176
159 176
158 176
158 175
158 175
158 175
158 175
158 174
157 174
157 174
156 174
156 173
155 173
155 173
155 173
155 172
155 172
154 172
154 172
154 172
153 172
153 172
153 171
153 171
152 171
152 171
150 171
150 171
149 171
149 171
149 171
148 171
148 171
148 170
147 170
147 170
147 170
147 170
146 169
146 170
146 170
146 170
145 170
145 171
145 170
145 170
145 170
144 170
144 170
144 170
143 169
143 169
143 169
143 169
142 169
142 170
141 169
141 169
141 169
140 169
139 170
139 170
139 170
138 171
138 171
138 171
137 170
136 170
136 170
135 170
135 170
133 170
133 170
133 170
133 170
133 171
132 171
132 171
131 171
131 171
131 171
131 171
130 171
130 171
130 171
129 171
129 171
129 171
128 171
127 171
127 172
126 172
126 173
126 173
126 173
126 173
125 173
125 173
125 173
124 173
124 174
124 174
123 174
122 175
123 175
123 175
123 175
123 176
123 176
123 176
122 177
122 177
121 177
121 177
121 177
121 177
120 177
120 178
120 178
120 178
120 179
120 179
119 179
119 179
119 179
119 179
119 179
120 180
120 180
120 180
120 181
120 181
120 181
120 181
119 181
119 182
120 182
119 182
119 182
118 182
118 182
118 182
118 182
117 182
117 182
117 182
117 181
116 181
116 182
116 182
116 183
116 183
116 183
116 183
117 183
117 183
117 184
117 184
117 184
117 184
117 185
117 185
117 185
117 185
118 185
118 186
118 186
118 186
118 186
118 187
118 188
118 188
118 188
118 189
118 189
117 189
118 189
118 190
118 190
118 191
118 191
118 192
118 192
118 192
118 193
118 193
118 193
117 194
117 194
117 194
117 194
116 194
116 195
116 195
116 195
116 195
116 195
116 195
115 195
115 195
115 195
114 195
113 195
113 195
113 195
113 194
112 194
112 194
112 195
112 194
111 194
111 195
111 195
111 195
111 195
110 195
110 196
110 196
110 196
109 196
109 196
109 196
108 196
108 196
108 196
108 197
107 197
107 197
106 197
106 197
106 197
106 198
106 198
106 198
106 198
105 198
105 198
104 198
104 198
104 198
103 198
103 198
103 199
103 199
103 199
103 200
103 200
103 200
103 200
103 201
103 201
102 201
102 201
102 201
101 201
101 201
100 201
100 200
100 200
100 200
99 199
99 199
98 199
98 199
98 199
97 199
97 199
96 199
96 199
96 198
96 198
95 199
95 199
95 198
94 198
94 198
93 198
93 198
93 198
92 198
92 198
92 198
92 198
92 198
92 198
92 198
90 198
90 198
90 198
90 198
89 198
89 198
89 199
88 199
88 199
88 199
88 199
88 199
87 200
87 200
87 200
87 200
87 201
86 201
86 201
86 201
85 201
84 201
84 201
84 201
84 201
83 201
83 201
83 201
83 201
83 201
82 201
82 201
82 201
81 201
81 201
81 201
81 202
80 201
79 201
78 201
78 201
77 201
77 201
77 200
77 200
77 201
76 200
76 200
76 200
76 199
76 199
76 199
76 198
76 198
76 198
75 199
75 199
75 198
74 198
74 198
74 198
73 198
73 198
73 198
72 199
72 199
72 199
72 199
72 199
71 199
71 199
70 200
70 200
69 200
69 200
69 200
69 200
69 201
69 201
69 201
68 201
68 201
68 201
68 201
68 201
67 201
67 201
67 201
66 201
66 201
65 201
65 201
65 201
64 201
64 201
63 202
63 202
63 202
62 202
62 203
62 203
62 203
62 203
61 203
61 203
61 203
60 203
60 204
60 204
60 204
60 204
59 204
59 204
58 205
58 205
58 204
58 204
58 204
57 204
57 204
57 203
57 203
56 203
56 203
56 203
56 203
56 203
56 204
56 204
56 204
56 204
55 205
54 205
54 206
54 206
54 206
54 207
54 207
54 207
54 207
53 208
53 208
53 208
53 208
53 208
53 208
53 209
53 209
53 209
53 209
53 209
53 210
52 210
52 210
52 210
52 210
52 211
52 211
51 211
51 212
52 212
51 212
51 212
51 213
51 213
50 213
50 213
50 213
50 213
49 213
49 213
49 214
49 214
49 214
48 214
49 215
49 215
49 215
49 215
50 215
50 215
51 215
51 215
51 215
52 216
52 216
52 216
52 217
53 217
53 217
53 217
54 217
55 217
55 217
55 217
55 217
56 217
56 218
56 218
56 218
57 218
57 219
57 219
58 219
58 219
58 220
59 220
59 220
59 220
59 221
60 221
60 222
60 222
61 223
61 223
61 223
61 223
62 223
62 223
62 223
63 223
63 223
64 223
64 223
64 224
64 224
65 224
65 224
65 223
65 223
66 223
66 223
67 223
67 223
67 223
67 223
68 223
68 224
68 224
68 224
68 224
68 225
69 226
70 226
70 225
70 225
70 226
71 226
71 226
71 226
71 226
72 226
72 226
73 226
73 226
73 226
73 226
73 226
73 226
74 226
74 226
74 226
75 226
75 226
75 226
76 227
76 227
76 227
76 228
76 228
77 228
77 228
77 228
77 228
77 228
78 228
78 228
78 228
78 228
78 228
78 229
78 229
77 229
77 230
77 230
77 230
77 231
77 231
77 231
78 231
77 231
77 232
77 232
77 232
76 232
76 234
76 234
76 234
76 234
76 234
77 234
77 234
77 235
77 235
78 235
78 235
78 235
78 236
79 236
79 236
79 237
80 237
80 237
80 237
81 237
81 238
81 238
81 238
82 237
82 237
82 237
83 237
83 237
83 237
83 237
84 237
84 237
85 238
85 238
85 238
85 238
85 238
85 239
86 239
86 239
86 239
86 239
86 239
86 240
86 240
86 240
87 241
87 241
87 241
87 241
87 241
88 241
88 241
88 241
88 241
88 242
89 242
89 242
90 242
90 243
90 243
90 243
92 243
92 243
92 243
93 243
93 243
93 244
94 244
94 245
94 245
94 245
95 246
95 247
94 247
94 247
95 247
95 248
95 248
94 248
94 248
94 248
94 250
94 250
94 250
94 251
94 251
94 251
95 251
95 251
95 251
95 252
96 252
96 252
96 253
97 253
97 253
97 253
97 253
97 253
97 254
98 254
98 254
98 254
98 254
99 254
99 255
99 255
100 255
101 255
101 255
101 255
101 255
101 255
101 256
102 256
102 256
102 256
102 256
102 256
103 257
103 257
104 258
104 258
104 258
103 258
103 258
103 258
103 259
103 259
103 260
103 260
103 261
103 261
103 261
103 261
103 262
103 263
103 263
103 263
104 263
104 263
105 263
105 263
105 263
106 264
106 264
106 264
107 264
107 264
107 265
107 265
107 265
107 265
108 265
108 265
108 265
108 265
108 264
109 264
109 264
109 264
109 263
110 263
110 263
110 263
110 263
111 262
112 262
112 261
112 261
112 261
112 260
113 260
113 259
113 259
114 259
114 260
114 260
115 260
115 260
115 260
117 260
117 260
117 260
117 261
117 261
117 261
118 260
119 260
119 260
120 261
120 261
120 261
121 261
121 261
122 261
122 261
122 261
123 260
124 260
124 260
125 260
125 260
125 260
126 260
126 261
126 261
126 261
127 261
127 261
127 261
127 261
128 261
128 261
128 261
128 261
129 261
129 261
129 260
130 260
130 261
131 261
131 260
132 260
132 260
132 260
132 260
132 260
132 260
132 261
132 261
133 261
133 261
133 261
134 262
134 262
134 262
135 263
135 263
135 263
135 263
136 263
136 263
136 263
137 262
138 262
138 262
138 262
138 262
138 262
139 263
139 263
139 263
140 264
140 264
140 264
141 265
141 265
141 265
141 265
141 266
140 266
140 266
140 266
140 267
140 267
140 267
141 267
141 267
141 267
141 268
141 268
141 268
141 268
141 269
141 269
141 269
141 269
141 269
142 269
142 270
142 270
142 270
142 269
143 269
143 269
144 269
144 269
144 269
144 268
144 268
145 268
145 267
145 267
146 267
147 268
148 268
148 268
149 268
149 268
150 268
150 267
150 267
150 267
151 267
151 267
152 267
153 267
153 267
153 267
153 268
154 268
154 268
154 268
154 269
154 269
154 269
154 269
154 270
154 270
154 270
155 270
155 270
155 270
155 271
155 271
155 271
156 271
156 271
156 271
157 271
157 271
158 272
158 273
158 273
158 273
158 273
158 273
157 274
157 274
158 274
158 275
158 275
158 275
158 275
158 276
157 276
157 276
156 276
156 276
156 277
156 277
155 277
155 277
155 277
156 277
156 277
156 277
156 278
157 278
157 278
158 278
158 279
159 279
159 279
160 279
160 279
160 279
161 279
161 279
161 279
162 279
162 279
162 279
162 280
162 280
162 280
162 280
162 280
163 281
163 281
163 281
163 281
163 282
163 282
163 282
164 282
164 282
165 282
165 282
165 282
166 282
166 282
166 283
166 283
166 283
167 284
167 284
168 284
168 285
168 284
168 284
168 284
168 284
169 284
169 285
169 285
169 285
170 285
170 285
170 286
169 286
170 286
170 288
169 288
169 288
169 288
169 289
170 290
170 290
170 290
171 290
171 290
171 291
171 291
172 291
172 291
172 291
172 291
172 291
172 291
172 292
172 292
172 292
173 292
173 292
173 292
173 292
174 292
174 292
174 292
174 293
175 293
175 293
175 293
175 293
175 293
174 293
174 293
174 294
174 294
173 294
173 294
173 294
173 295
173 295
173 295
173 295
173 296
172 296
172 296
171 296
171 296
170 296
170 297
170 297
169 296
169 296
169 297
169 297
169 297
168 297
168 297
168 298
168 298
167 298
167 298
167 298
167 299
167 299
167 299
167 299
167 300
167 300
167 300
168 300
168 300
168 300
169 300
169 300
169 299
169 300
170 300
170 300
170 300
170 300
171 301
171 301
171 301
171 301
172 301
172 301
172 301
172 302
172 302
172 303
172 303
172 304
172 304
172 305
172 305
171 306
171 306
171 306
173 306
173 306
173 307
173 307
173 307
174 307
174 308
174 308
174 308
174 308
175 308
175 308
175 308
175 309
176 309
176 309
176 309
176 309
176 309
176 310
176 310
177 310
177 310
177 310
177 311
177 311
177 311
178 310
178 310
178 310
178 310
178 310
179 310
179 310
179 310
179 310
180 310
180 310
180 310
180 310
<<endvertix>>
<endpolygon>

<beginpolygon>
<<beginvertix>>
96 343
95 343
95 343
96 343
96 343
97 343
97 344
98 344
98 344
99 344
99 344
99 343
100 343
100 342
100 341
100 341
100 341
100 341
100 341
100 340
101 340
101 341
101 341
101 342
102 342
102 342
102 342
102 342
102 342
102 343
102 343
103 343
103 343
104 343
105 343
106 343
106 343
106 343
106 343
107 343
107 343
107 343
107 343
107 343
107 342
108 342
108 342
108 343
108 343
108 342
108 342
108 342
109 342
110 342
111 342
111 341
111 341
111 341
111 341
111 341
112 341
113 341
113 340
113 340
113 340
113 339
114 339
115 339
115 338
115 338
115 338
116 338
116 337
116 337
116 337
116 337
116 337
116 337
117 337
117 336
117 336
118 336
119 336
118 335
119 335
118 335
118 334
119 335
119 335
119 335
119 335
119 335
120 335
120 335
122 335
122 335
122 335
123 335
124 335
125 335
126 335
127 335
128 335
129 335
129 334
130 334
130 334
130 334
131 334
132 334
132 335
133 335
133 335
133 335
133 335
134 335
135 335
136 335
137 335
137 335
137 335
137 335
137 335
137 335
138 335
139 335
139 335
139 335
139 335
139 335
140 335
140 335
140 335
140 335
141 335
141 335
142 335
142 335
142 335
142 335
143 335
143 335
143 335
143 335
144 335
144 335
144 335
144 335
144 335
145 335
145 335
146 335
146 335
146 335
147 335
147 335
148 335
148 335
148 335
149 335
150 335
150 335
150 335
150 335
151 335
152 335
153 335
154 335
154 334
154 334
154 334
155 334
156 334
157 334
157 335
158 335
158 335
158 335
158 335
159 335
160 335
161 335
162 335
163 335
164 335
164 335
165 335
166 335
166 335
166 335
167 335
168 335
168 336
169 336
169 337
169 337
169 336
170 336
171 336
172 336
172 335
172 335
172 335
173 335
174 335
174 335
174 335
174 335
174 335
174 335
175 335
176 335
176 335
177 335
177 335
177 335
178 335
178 335
178 335
179 335
179 337
180 337
180 336
180 336
180 337
180 337
180 336
180 336
180 336
180 335
180 334
180 333
180 332
180 331
180 330
180 329
180 328
180 327
180 326
180 325
180 324
180 323
180 322
180 321
180 320
180 319
180 318
180 317
180 316
180 315
180 314
180 313
180 312
180 311
180 310
180 310
180 310
180 310
179 310
179 310
179 310
179 310
178 310
178 310
178 310
178 310
178 310
177 311
177 311
177 311
177 310
177 310
177 310
176 310
176 310
176 309
176 309
176 309
176 309
176 309
175 309
175 308
175 308
175 308
174 308
174 308
174 308
174 308
174 307
173 307
173 307
173 307
173 306
173 306
171 306
171 306
171 306
172 305
172 305
172 304
172 304
172 303
172 303
172 302
172 302
172 301
172 301
172 301
171 301
171 301
171 301
171 301
170 300
170 300
170 300
170 300
169 300
169 299
169 300
169 300
168 300
168 300
168 300
167 300
167 300
167 300
167 299
167 299
167 299
167 299
167 298
167 298
167 298
168 298
168 298
168 297
168 297
169 297
169 297
169 297
169 296
169 296
170 297
170 297
170 296
171 296
171 296
172 296
172 296
173 296
173 295
173 295
173 295
173 295
173 294
173 294
173 294
174 294
174 294
174 293
174 293
175 293
175 293
175 293
175 293
175 293
174 293
174 292
174 292
174 292
173 292
173 292
173 292
173 292
172 292
172 292
172 292
172 291
172 291
172 291
172 291
172 291
172 291
171 291
171 291
171 290
171 290
170 290
170 290
170 290
169 289
169 288
169 288
169 288
170 288
170 286
169 286
170 286
170 285
170 285
169 285
169 285
169 285
169 284
169 284
168 284
168 284
168 284
168 285
168 284
167 284
167 284
166 283
166 283
166 283
166 282
166 282
165 282
165 282
165 282
164 282
164 282
163 282
163 282
163 282
163 281
163 281
163 281
163 281
162 280
162 280
162 280
162 280
162 280
162 279
162 279
162 279
161 279
161 279
161 279
160 279
160 279
160 279
159 279
159 279
158 279
158 278
157 278
157 278
156 278
156 277
156 277
156 277
155 277
155 277
155 277
156 277
156 277
156 276
156 276
157 276
157 276
158 276
158 275
158 275
158 275
158 275
158 274
157 274
157 274
158 273
158 273
158 273
158 273
158 273
158 272
157 271
157 271
156 271
156 271
156 271
155 271
155 271
155 271
155 270
155 270
155 270
154 270
154 270
154 270
154 269
154 269
154 269
154 269
154 268
154 268
154 268
153 268
153 267
153 267
153 267
152 267
151 267
151 267
150 267
150 267
150 267
150 268
149 268
149 268
148 268
148 268
147 268
146 267
145 267
145 267
145 268
144 268
144 268
144 269
144 269
144 269
144 269
143 269
142 269
142 270
142 270
142 270
142 269
141 269
141 269
141 269
141 269
141 269
141 268
141 268
141 268
141 268
141 267
141 267
141 267
140 267
140 267
140 267
140 266
140 266
140 266
141 266
141 265
141 265
141 265
141 265
140 264
140 264
140 264
139 263
139 263
139 263
138 262
138 262
138 262
138 262
138 262
137 262
136 263
136 263
136 263
135 263
135 263
135 263
135 263
134 262
134 262
134 262
133 261
133 261
133 261
132 261
132 261
132 260
132 260
132 260
132 260
132 260
132 260
131 260
131 261
130 261
130 260
129 260
129 261
129 261
128 261
128 261
128 261
128 261
127 261
127 261
127 261
127 261
126 261
126 261
126 261
126 260
125 260
125 260
125 260
124 260
124 260
123 260
122 261
122 261
122 261
121 261
121 261
120 261
120 261
120 261
119 260
119 260
118 260
117 261
117 261
117 261
117 260
117 260
117 260
115 260
115 260
115 260
114 260
114 260
114 259
114 259
113 259
113 260
112 260
112 261
112 261
112 261
112 262
111 262
110 263
110 263
110 263
110 263
109 263
109 264
109 264
109 264
108 264
108 265
108 265
108 265
108 265
107 265
107 265
107 265
107 265
107 264
107 264
106 264
106 264
106 264
105 263
105 263
105 263
104 263
104 263
103 263
103 263
103 263
103 262
103 261
103 261
103 261
103 261
103 260
103 260
103 259
103 259
103 258
103 258
103 258
104 258
104 258
104 258
103 257
103 257
102 256
102 256
102 256
102 256
102 256
101 256
101 255
101 255
101 255
101 255
101 255
100 255
99 255
99 255
99 254
98 254
98 254
98 254
98 254
97 254
97 253
97 253
97 253
97 253
97 253
96 253
96 252
96 252
95 252
95 251
95 251
95 251
94 251
94 251
94 251
94 250
94 250
94 250
94 248
94 248
94 248
95 248
95 248
95 247
94 247
94 247
95 247
95 246
94 245
94 245
94 245
94 244
93 244
93 243
93 243
92 243
92 243
92 243
90 243
90 243
90 243
90 242
89 242
89 242
88 242
88 241
88 241
88 241
88 241
87 241
87 241
87 241
87 241
87 241
86 240
86 240
86 240
86 240
86 239
86 239
86 239
86 239
85 239
85 238
85 238
85 238
85 238
85 238
84 237
84 237
83 237
83 237
83 237
83 237
82 237
82 237
82 237
81 238
81 238
81 238
81 237
80 237
80 237
80 237
79 237
79 236
79 236
78 236
78 235
78 235
78 235
77 235
77 235
77 234
77 234
76 234
76 234
76 234
76 234
76 234
76 232
77 232
77 232
77 232
77 231
78 231
77 231
77 231
77 231
77 230
77 230
77 230
77 229
78 229
78 229
78 228
78 228
78 228
78 228
78 228
77 228
77 228
77 228
77 228
77 228
76 228
76 228
76 227
76 227
76 227
75 226
75 226
75 226
74 226
74 226
74 226
73 226
73 226
73 226
73 226
73 226
73 226
72 226
72 226
71 226
71 226
71 226
71 226
70 226
70 225
70 225
70 226
69 226
68 225
68 224
68 224
68 224
68 224
68 223
67 223
67 223
67 223
67 223
66 223
66 223
65 223
65 223
65 224
65 224
64 224
64 224
64 223
64 223
63 223
63 223
62 223
62 223
62 223
61 223
61 223
61 223
61 223
60 222
60 222
60 221
59 221
59 220
59 220
59 220
58 220
58 219
58 219
57 219
57 219
57 218
56 218
56 218
56 218
56 217
55 217
55 217
55 217
55 217
54 217
53 217
53 217
53 217
52 217
52 216
52 216
52 216
51 215
51 215
51 215
50 215
50 215
49 215
49 215
49 215
49 215
48 214
48 214
48 214
47 214
47 215
47 215
47 215
46 216
46 216
46 216
46 217
46 217
45 217
45 218
45 218
45 218
45 219
45 219
45 219
45 219
45 219
45 220
45 220
45 221
44 221
44 221
44 223
44 223
44 223
44 223
44 225
44 225
44 225
43 225
42 226
42 227
42 227
42 228
42 229
42 229
42 229
42 229
42 230
42 230
42 230
42 232
42 232
42 232
42 232
42 232
42 232
42 232
42 233
42 233
41 234
42 234
42 234
42 234
42 234
41 235
41 235
41 236
41 236
41 236
41 237
41 237
40 237
40 237
40 239
40 239
40 239
40 239
40 239
40 239
40 240
40 240
40 240
40 240
39 241
39 241
39 241
38 243
38 243
38 243
38 243
38 243
38 243
37 244
37 246
37 246
37 247
38 247
38 247
37 248
37 248
37 249
38 249
38 250
38 250
38 250
38 250
38 251
38 251
38 251
39 251
39 251
40 251
40 251
40 252
41 252
41 252
41 252
42 252
42 253
42 253
40 253
40 253
40 253
40 253
40 253
39 253
38 252
38 251
38 251
38 251
37 250
37 250
37 250
37 251
37 251
37 251
37 252
37 252
37 253
37 253
37 254
36 254
36 254
37 254
37 255
36 256
36 256
37 256
37 257
37 257
37 257
37 257
37 258
36 258
36 258
37 259
37 259
36 259
36 259
37 259
36 260
36 260
36 262
36 262
37 262
37 263
38 263
38 263
38 263
38 263
38 263
39 263
40 263
40 264
40 264
40 264
39 265
40 265
40 265
40 265
40 266
40 266
40 266
40 267
41 267
41 267
41 267
41 267
42 267
42 267
42 267
42 268
42 268
42 268
43 268
43 268
43 268
43 268
43 268
43 268
44 268
44 269
45 269
45 269
45 269
45 270
46 270
47 270
47 270
47 270
47 271
47 271
47 271
48 271
48 271
48 271
48 271
48 271
47 271
45 271
44 271
44 271
44 271
44 271
44 271
44 271
44 271
43 271
42 271
41 270
41 270
41 270
40 270
40 270
40 270
40 270
40 270
39 270
39 270
38 270
38 270
38 270
38 270
38 270
38 271
38 271
38 271
38 271
39 271
39 271
40 271
40 271
40 271
40 272
40 272
40 272
40 272
40 272
40 273
40 273
40 273
40 273
40 273
41 273
41 273
42 273
42 273
42 274
43 274
43 274
43 275
43 275
43 275
44 275
44 275
44 275
44 275
44 275
44 276
45 276
45 276
45 276
45 276
46 276
46 277
47 277
47 277
47 277
47 277
47 278
47 278
46 278
46 279
46 279
46 279
45 279
44 279
44 278
44 278
44 278
44 278
44 278
43 277
43 277
43 277
43 277
42 277
42 277
42 277
42 277
42 277
42 277
42 277
40 277
40 277
40 277
40 277
40 277
39 277
39 277
39 277
38 277
38 278
38 278
38 278
37 280
38 280
38 280
39 280
39 280
40 280
40 280
40 280
40 280
40 280
40 280
40 280
40 281
40 281
39 282
40 282
40 282
40 283
40 283
40 284
40 284
40 284
40 284
40 285
40 286
41 286
41 286
41 286
41 286
41 287
41 287
42 287
42 287
42 287
42 288
42 288
42 288
42 288
42 288
43 289
43 289
43 289
44 289
44 289
44 289
44 291
44 291
43 290
43 290
42 290
41 289
41 289
41 289
40 289
40 289
40 291
40 291
40 291
39 291
39 291
38 290
38 290
38 290
38 289
38 289
38 289
38 289
37 288
37 288
37 288
37 288
37 288
36 288
36 288
37 288
37 288
37 288
37 289
37 289
36 289
36 289
36 289
36 289
35 289
34 288
34 287
34 287
34 287
34 287
34 287
33 286
33 286
33 286
33 286
33 286
32 286
32 286
31 285
31 284
31 284
31 284
31 284
30 283
30 283
30 283
30 283
29 283
29 283
29 283
28 283
28 283
29 283
29 283
29 283
29 283
29 284
29 285
29 287
28 287
28 286
28 286
28 286
28 286
28 286
28 286
28 286
27 286
27 286
27 286
27 287
27 287
27 287
28 287
28 288
28 288
28 288
28 288
28 288
28 289
28 289
29 289
29 289
29 289
29 290
29 291
29 291
29 291
29 292
30 292
30 293
30 293
30 293
31 293
31 293
31 293
31 293
31 293
31 293
31 294
32 294
33 294
33 294
33 294
33 294
33 295
34 295
34 296
34 296
34 296
35 297
35 297
35 297
36 297
36 296
36 296
36 296
36 296
36 298
37 298
37 298
36 298
36 298
36 298
35 297
35 297
35 297
35 297
35 297
34 298
34 298
33 297
33 296
33 296
33 296
33 296
33 296
32 296
32 296
33 296
32 296
32 296
32 296
31 296
30 298
30 298
29 297
29 297
28 297
28 297
27 296
28 296
28 295
28 295
28 295
27 295
27 294
27 294
27 294
27 294
27 294
27 294
27 294
27 294
26 294
26 295
26 295
26 295
25 296
25 296
24 296
24 296
24 296
24 297
24 297
23 297
23 298
24 298
24 297
25 297
25 298
25 298
25 298
26 298
26 298
25 299
25 300
24 300
24 300
24 300
24 300
23 300
23 300
23 301
24 301
24 301
24 301
24 301
24 302
25 302
25 302
24 302
24 302
23 302
23 302
23 303
23 303
23 303
23 303
22 305
22 305
21 304
21 303
21 303
21 303
21 303
21 303
20 303
20 303
20 305
19 305
19 304
19 304
18 304
17 303
17 303
17 303
17 303
17 303
16 304
17 304
17 305
17 305
17 305
18 305
18 306
18 307
18 307
18 307
18 307
18 307
17 307
17 308
17 308
17 308
17 309
17 309
17 309
17 309
17 309
17 309
17 309
17 309
18 309
18 310
18 312
19 312
19 312
20 312
20 312
20 312
20 312
21 312
21 312
21 312
21 312
21 312
22 312
22 312
22 312
23 312
23 313
23 313
23 313
23 313
22 314
22 314
22 314
21 314
21 314
20 314
20 314
21 314
21 315
22 315
22 316
22 316
22 316
23 316
23 316
23 316
23 316
23 316
24 316
25 316
26 316
27 316
27 316
28 316
28 316
28 316
29 316
29 318
29 318
30 318
30 318
30 318
30 318
30 318
30 318
31 318
31 318
32 318
32 318
32 318
32 318
33 318
33 318
33 318
34 318
34 318
35 318
35 318
35 318
35 318
35 318
35 318
35 318
36 318
36 319
36 319
35 319
35 319
34 319
34 319
34 319
34 319
34 319
33 321
32 321
32 321
32 321
32 321
32 321
32 321
32 321
32 321
33 321
33 321
33 321
34 321
35 321
35 323
35 323
36 323
36 323
36 323
36 323
36 323
37 323
38 323
38 323
38 324
39 324
39 324
39 325
39 324
39 324
39 324
40 324
40 323
40 323
40 323
41 323
42 323
42 322
43 322
43 322
43 322
43 322
44 322
45 322
46 322
47 322
47 322
48 322
48 322
48 322
48 323
48 323
49 323
50 323
51 323
52 323
53 323
54 323
54 323
55 323
55 323
55 323
56 323
56 324
56 324
56 324
56 324
56 325
56 325
57 325
57 325
58 325
58 325
58 325
58 325
58 326
59 326
59 326
59 326
60 326
60 325
61 325
61 324
62 324
62 324
63 324
63 324
63 325
63 325
63 325
64 325
64 325
64 325
64 325
64 326
64 327
65 327
66 327
66 327
66 327
66 327
66 326
67 326
67 326
68 326
68 325
68 325
68 325
68 325
68 325
69 325
69 324
69 324
69 324
69 324
70 324
70 324
71 324
70 324
70 325
70 325
70 326
70 327
71 327
71 327
71 328
72 328
72 328
72 328
72 328
72 328
72 328
70 328
69 328
69 328
69 328
69 328
69 328
69 328
69 328
68 328
67 328
67 329
66 329
66 329
65 329
65 330
66 330
67 330
67 330
67 330
65 330
65 330
64 331
65 332
65 332
65 332
65 332
64 333
65 333
65 333
65 333
66 333
66 333
66 333
66 333
66 334
67 334
68 334
68 335
69 335
69 335
69 335
69 336
70 336
70 336
70 336
70 337
70 337
70 337
71 337
71 337
71 337
72 337
73 337
73 338
74 338
74 339
74 339
74 339
75 339
75 339
75 339
75 339
75 339
75 339
75 339
75 339
76 339
76 339
77 339
77 339
77 341
77 341
77 342
78 343
78 343
79 343
80 343
81 343
81 342
81 342
81 343
81 343
82 343
82 343
83 343
83 343
83 343
83 343
83 343
83 344
84 344
84 344
85 344
85 344
85 344
85 344
85 345
86 345
86 346
86 346
86 345
87 345
87 346
87 346
88 346
88 345
88 345
88 345
88 345
87 345
87 344
87 344
87 344
87 344
88 344
88 343
88 343
88 343
88 343
88 343
89 343
89 342
89 342
89 342
89 343
89 343
89 342
90 342
90 343
90 343
91 343
91 343
91 343
91 343
91 343
91 343
91 343
91 343
92 343
93 343
93 344
94 344
94 344
95 344
95 346
96 346
96 346
97 346
97 346
96 346
96 346
97 346
97 346
97 346
97 346
97 346
97 345
97 345
97 345
97 345
96 345
96 344
96 344
96 344
96 344
96 344
96 344
<<endvertix>>
<endpolygon>

