 <beginpolygon>
 -8.71000000000000 41.9700000000000
 -8.69000000000000 41.9900000000000
 -8.69000000000000 42.0100000000000
 -8.71000000000000 42.0300000000000
 -8.71000000000000 42.0500000000000
 -8.71000000000000 42.0700000000000
 -8.69000000000000 42.0900000000000
 -8.71000000000000 42.1100000000000
 -8.69000000000000 42.1300000000000
 -8.69000000000000 42.1500000000000
 -8.67000000000000 42.1700000000000
 -8.67000000000000 42.1900000000000
 -8.65000000000000 42.2100000000000
 -8.63000000000000 42.2300000000000
 -8.61000000000000 42.2300000000000
 -8.59000000000000 42.2300000000000
 -8.57000000000000 42.2300000000000
 -8.57000000000000 42.2500000000000
 -8.55000000000000 42.2700000000000
 -8.53000000000000 42.2900000000000
 -8.51000000000000 42.2900000000000
 -8.49000000000000 42.2900000000000
 -8.47000000000000 42.3100000000000
 -8.45000000000000 42.3100000000000
 -8.43000000000000 42.3100000000000
 -8.41000000000000 42.3100000000000
 -8.39000000000000 42.3300000000000
 -8.37000000000000 42.3300000000000
 -8.35000000000000 42.3100000000000
 -8.35000000000000 42.3300000000000
 -8.33000000000000 42.3500000000000
 -8.33000000000000 42.3700000000000
 -8.33000000000000 42.3900000000000
 -8.33000000000000 42.4100000000000
 -8.33000000000000 42.4300000000000
 -8.35000000000000 42.4500000000000
 -8.33000000000000 42.4700000000000
 -8.31000000000000 42.4900000000000
 -8.29000000000000 42.4900000000000
 -8.27000000000000 42.5100000000000
 -8.27000000000000 42.5300000000000
 -8.25000000000000 42.5500000000000
 -8.23000000000000 42.5500000000000
 -8.21000000000000 42.5500000000000
 -8.19000000000000 42.5700000000000
 -8.17000000000000 42.5500000000000
 -8.15000000000000 42.5500000000000
 -8.13000000000000 42.5500000000000
 -8.11000000000000 42.5700000000000
 -8.09000000000000 42.5700000000000
 -8.07000000000000 42.5500000000000
 -8.05000000000000 42.5500000000000
 -8.03000000000000 42.5500000000000
 -8.01000000000000 42.5700000000000
 -7.99000000000000 42.5700000000000
 -7.97000000000000 42.5700000000000
 -7.95000000000000 42.5700000000000
 -7.93000000000000 42.5700000000000
 -7.91000000000000 42.5900000000000
 -7.91000000000000 42.6100000000000
 -7.89000000000000 42.6300000000000
 -7.89000000000000 42.6500000000000
 -7.89000000000000 42.6700000000000
 -7.89000000000000 42.6900000000000
 -7.87000000000000 42.7100000000000
 -7.85000000000000 42.7100000000000
 -7.83000000000000 42.7100000000000
 -7.81000000000000 42.7300000000000
 -7.79000000000000 42.7300000000000
 -7.79000000000000 42.7500000000000
 -7.77000000000000 42.7700000000000
 -7.77000000000000 42.7900000000000
 -7.77000000000000 42.8100000000000
 -7.77000000000000 42.8300000000000
 -7.79000000000000 42.8500000000000
 -7.81000000000000 42.8700000000000
 -7.83000000000000 42.8700000000000
 -7.83000000000000 42.8900000000000
 -7.83000000000000 42.9100000000000
 -7.85000000000000 42.9300000000000
 -7.85000000000000 42.9500000000000
 -7.87000000000000 42.9700000000000
 -7.89000000000000 42.9700000000000
 -7.91000000000000 42.9900000000000
 -7.93000000000000 43.0100000000000
 -7.93000000000000 43.0300000000000
 -7.91000000000000 43.0500000000000
 -7.91000000000000 43.0700000000000
 -7.93000000000000 43.0900000000000
 -7.95000000000000 43.1100000000000
 -7.95000000000000 43.1300000000000
 -7.95000000000000 43.1500000000000
 -7.95000000000000 43.1700000000000
 -7.95000000000000 43.1900000000000
 -7.95000000000000 43.2100000000000
 -7.93000000000000 43.2300000000000
 -7.93000000000000 43.2500000000000
 -7.93000000000000 43.2700000000000
 -7.93000000000000 43.2900000000000
 -7.91000000000000 43.3100000000000
 -7.89000000000000 43.3300000000000
 -7.87000000000000 43.3500000000000
 -7.85000000000000 43.3700000000000
 -7.85000000000000 43.3900000000000
 -7.83000000000000 43.4100000000000
 -7.81000000000000 43.4300000000000
 -7.79000000000000 43.4500000000000
 -7.77000000000000 43.4500000000000
 -7.75000000000000 43.4500000000000
 -7.73000000000000 43.4500000000000
 -7.71000000000000 43.4300000000000
 -7.69000000000000 43.4300000000000
 -7.67000000000000 43.4300000000000
 -7.65000000000000 43.4500000000000
 -7.63000000000000 43.4700000000000
 -7.61000000000000 43.4500000000000
 -7.59000000000000 43.4500000000000
 -7.57000000000000 43.4500000000000
 -7.55000000000000 43.4500000000000
 -7.53000000000000 43.4300000000000
 -7.51000000000000 43.4500000000000
 -7.49000000000000 43.4500000000000
 -7.47000000000000 43.4300000000000
 -7.45000000000000 43.4300000000000
 -7.43000000000000 43.4100000000000
 -7.41000000000000 43.3900000000000
 -7.39000000000000 43.3700000000000
 -7.37000000000000 43.3700000000000
 -7.35000000000000 43.3700000000000
 -7.35000000000000 43.3500000000000
 -7.33000000000000 43.3300000000000
 -7.31000000000000 43.3300000000000
 -7.31000000000000 43.3100000000000
 -7.29000000000000 43.2900000000000
 -7.27000000000000 43.2700000000000
 -7.27000000000000 43.2500000000000
 -7.25000000000000 43.2300000000000
 -7.25000000000000 43.2100000000000
 -7.25000000000000 43.1900000000000
 -7.27000000000000 43.1700000000000
 -7.27000000000000 43.1500000000000
 -7.27000000000000 43.1300000000000
 -7.27000000000000 43.1100000000000
 -7.25000000000000 43.0900000000000
 -7.25000000000000 43.0700000000000
 -7.25000000000000 43.0500000000000
 -7.23000000000000 43.0300000000000
 -7.21000000000000 43.0100000000000
 -7.19000000000000 43.0100000000000
 -7.17000000000000 43.0100000000000
 -7.17000000000000 42.9900000000000
 -7.15000000000000 42.9700000000000
 -7.15000000000000 42.9500000000000
 -7.15000000000000 42.9300000000000
 -7.15000000000000 42.9100000000000
 -7.17000000000000 42.8900000000000
 -7.19000000000000 42.8700000000000
 -7.19000000000000 42.8500000000000
 -7.21000000000000 42.8300000000000
 -7.21000000000000 42.8100000000000
 -7.19000000000000 42.7900000000000
 -7.17000000000000 42.7700000000000
 -7.17000000000000 42.7500000000000
 -7.15000000000000 42.7300000000000
 -7.13000000000000 42.7100000000000
 -7.11000000000000 42.7100000000000
 -7.09000000000000 42.6900000000000
 -7.07000000000000 42.6900000000000
 -7.05000000000000 42.6900000000000
 -7.03000000000000 42.6900000000000
 -7.03000000000000 42.7100000000000
 -7.01000000000000 42.7300000000000
 -6.99000000000000 42.7300000000000
 -6.97000000000000 42.7300000000000
 -6.95000000000000 42.7100000000000
 -6.93000000000000 42.7300000000000
 -6.91000000000000 42.7500000000000
 -6.89000000000000 42.7700000000000
 -6.87000000000000 42.7900000000000
 -6.85000000000000 42.8100000000000
 -6.83000000000000 42.8300000000000
 -6.81000000000000 42.8500000000000
 -6.79000000000000 42.8700000000000
 -6.77000000000000 42.8900000000000
 -6.75000000000000 42.8700000000000
 -6.73000000000000 42.8700000000000
 -6.73000000000000 42.8900000000000
 -6.71000000000000 42.9100000000000
 -6.69000000000000 42.9100000000000
 -6.67000000000000 42.9300000000000
 -6.65000000000000 42.9100000000000
 -6.63000000000000 42.9300000000000
 -6.61000000000000 42.9100000000000
 -6.59000000000000 42.9100000000000
 -6.57000000000000 42.9100000000000
 -6.55000000000000 42.9100000000000
 -6.53000000000000 42.9100000000000
 -6.51000000000000 42.9100000000000
 -6.49000000000000 42.9100000000000
 -6.47000000000000 42.9100000000000
 -6.45000000000000 42.9100000000000
 -6.43000000000000 42.9300000000000
 -6.41000000000000 42.9500000000000
 -6.43000000000000 42.9700000000000
 -6.41000000000000 42.9900000000000
 -6.41000000000000 43.0100000000000
 -6.39000000000000 43.0300000000000
 -6.37000000000000 43.0300000000000
 -6.35000000000000 43.0500000000000
 -6.33000000000000 43.0300000000000
 -6.31000000000000 43.0100000000000
 -6.29000000000000 43.0300000000000
 -6.27000000000000 43.0100000000000
 -6.25000000000000 43.0100000000000
 -6.23000000000000 43.0100000000000
 -6.21000000000000 43.0100000000000
 -6.19000000000000 43.0300000000000
 -6.17000000000000 43.0300000000000
 -6.15000000000000 43.0300000000000
 -6.15000000000000 43.0100000000000
 -6.15000000000000 42.9900000000000
 -6.17000000000000 42.9900000000000
 -6.19000000000000 42.9700000000000
 -6.19000000000000 42.9500000000000
 -6.19000000000000 42.9300000000000
 -6.19000000000000 42.9100000000000
 -6.19000000000000 42.8900000000000
 -6.19000000000000 42.8700000000000
 -6.19000000000000 42.8500000000000
 -6.19000000000000 42.8300000000000
 -6.21000000000000 42.8300000000000
 -6.23000000000000 42.8300000000000
 -6.25000000000000 42.8500000000000
 -6.27000000000000 42.8300000000000
 -6.27000000000000 42.8100000000000
 -6.25000000000000 42.8100000000000
 -6.23000000000000 42.7900000000000
 -6.21000000000000 42.7900000000000
 -6.19000000000000 42.7900000000000
 -6.17000000000000 42.7900000000000
 -6.17000000000000 42.7700000000000
 -6.15000000000000 42.7500000000000
 -6.15000000000000 42.7300000000000
 -6.15000000000000 42.7100000000000
 -6.15000000000000 42.6900000000000
 -6.17000000000000 42.6900000000000
 -6.19000000000000 42.6700000000000
 -6.21000000000000 42.6700000000000
 -6.23000000000000 42.6500000000000
 -6.23000000000000 42.6300000000000
 -6.23000000000000 42.6100000000000
 -6.23000000000000 42.5900000000000
 -6.23000000000000 42.5700000000000
 -6.23000000000000 42.5500000000000
 -6.25000000000000 42.5500000000000
 -6.27000000000000 42.5500000000000
 -6.29000000000000 42.5300000000000
 -6.31000000000000 42.5100000000000
 -6.33000000000000 42.4900000000000
 -6.35000000000000 42.4900000000000
 -6.37000000000000 42.4700000000000
 -6.37000000000000 42.4500000000000
 -6.39000000000000 42.4500000000000
 -6.41000000000000 42.4500000000000
 -6.43000000000000 42.4300000000000
 -6.45000000000000 42.4300000000000
 -6.47000000000000 42.4100000000000
 -6.47000000000000 42.3900000000000
 -6.45000000000000 42.3700000000000
 -6.43000000000000 42.3500000000000
 -6.41000000000000 42.3500000000000
 -6.41000000000000 42.3300000000000
 -6.41000000000000 42.3100000000000
 -6.41000000000000 42.2900000000000
 -6.43000000000000 42.2900000000000
 -6.45000000000000 42.2900000000000
 -6.47000000000000 42.2700000000000
 -6.49000000000000 42.2700000000000
 -6.51000000000000 42.2500000000000
 -6.51000000000000 42.2300000000000
 -6.53000000000000 42.2100000000000
 -6.55000000000000 42.2100000000000
 -6.57000000000000 42.2100000000000
 -6.59000000000000 42.2100000000000
 -6.61000000000000 42.2100000000000
 -6.63000000000000 42.2100000000000
 -6.65000000000000 42.2100000000000
 -6.67000000000000 42.2100000000000
 -6.69000000000000 42.2100000000000
 -6.71000000000000 42.1900000000000
 -6.73000000000000 42.1900000000000
 -6.73000000000000 42.2100000000000
 -6.75000000000000 42.2300000000000
 -6.77000000000000 42.2300000000000
 -6.79000000000000 42.2100000000000
 -6.81000000000000 42.1900000000000
 -6.81000000000000 42.1700000000000
 -6.81000000000000 42.1500000000000
 -6.83000000000000 42.1300000000000
 -6.85000000000000 42.1100000000000
 -6.87000000000000 42.1100000000000
 -6.89000000000000 42.1100000000000
 -6.91000000000000 42.1100000000000
 -6.93000000000000 42.0900000000000
 -6.95000000000000 42.0900000000000
 -6.97000000000000 42.0700000000000
 -6.99000000000000 42.0700000000000
 -7.01000000000000 42.0700000000000
 -7.03000000000000 42.0700000000000
 -7.05000000000000 42.0700000000000
 -7.07000000000000 42.0700000000000
 -7.09000000000000 42.0700000000000
 -7.11000000000000 42.0700000000000
 -7.13000000000000 42.0700000000000
 -7.15000000000000 42.0900000000000
 -7.17000000000000 42.0900000000000
 -7.19000000000000 42.0900000000000
 -7.21000000000000 42.0700000000000
 -7.23000000000000 42.0700000000000
 -7.25000000000000 42.0700000000000
 -7.27000000000000 42.0700000000000
 -7.29000000000000 42.0500000000000
 -7.31000000000000 42.0500000000000
 -7.33000000000000 42.0300000000000
 -7.35000000000000 42.0300000000000
 -7.35000000000000 42.0500000000000
 -7.35000000000000 42.0700000000000
 -7.37000000000000 42.0900000000000
 -7.39000000000000 42.1100000000000
 -7.39000000000000 42.1300000000000
 -7.41000000000000 42.1500000000000
 -7.43000000000000 42.1500000000000
 -7.45000000000000 42.1500000000000
 -7.45000000000000 42.1700000000000
 -7.47000000000000 42.1900000000000
 -7.49000000000000 42.2100000000000
 -7.51000000000000 42.2100000000000
 -7.53000000000000 42.1900000000000
 -7.53000000000000 42.1700000000000
 -7.53000000000000 42.1500000000000
 -7.55000000000000 42.1300000000000
 -7.57000000000000 42.1300000000000
 -7.59000000000000 42.1500000000000
 -7.61000000000000 42.1500000000000
 -7.63000000000000 42.1500000000000
 -7.65000000000000 42.1700000000000
 -7.67000000000000 42.1900000000000
 -7.69000000000000 42.1700000000000
 -7.71000000000000 42.1700000000000
 -7.73000000000000 42.1500000000000
 -7.75000000000000 42.1500000000000
 -7.77000000000000 42.1500000000000
 -7.79000000000000 42.1500000000000
 -7.81000000000000 42.1500000000000
 -7.83000000000000 42.1500000000000
 -7.85000000000000 42.1300000000000
 -7.87000000000000 42.1300000000000
 -7.89000000000000 42.1100000000000
 -7.89000000000000 42.0900000000000
 -7.89000000000000 42.0700000000000
 -7.91000000000000 42.0500000000000
 -7.93000000000000 42.0500000000000
 -7.95000000000000 42.0500000000000
 -7.97000000000000 42.0500000000000
 -7.99000000000000 42.0700000000000
 -8.01000000000000 42.0900000000000
 -8.03000000000000 42.0700000000000
 -8.05000000000000 42.0500000000000
 -8.07000000000000 42.0500000000000
 -8.09000000000000 42.0500000000000
 -8.11000000000000 42.0500000000000
 -8.13000000000000 42.0500000000000
 -8.15000000000000 42.0500000000000
 -8.17000000000000 42.0300000000000
 -8.19000000000000 42.0100000000000
 -8.21000000000000 42.0100000000000
 -8.23000000000000 42.0100000000000
 -8.25000000000000 41.9900000000000
 -8.27000000000000 41.9900000000000
 -8.29000000000000 41.9700000000000
 -8.29000000000000 41.9500000000000
 -8.31000000000000 41.9500000000000
 -8.33000000000000 41.9500000000000
 -8.35000000000000 41.9500000000000
 -8.37000000000000 41.9500000000000
 -8.39000000000000 41.9700000000000
 -8.41000000000000 41.9900000000000
 -8.43000000000000 41.9700000000000
 -8.45000000000000 41.9700000000000
 -8.47000000000000 41.9500000000000
 -8.49000000000000 41.9500000000000
 -8.51000000000000 41.9300000000000
 -8.51000000000000 41.9100000000000
 -8.51000000000000 41.8900000000000
 -8.51000000000000 41.8700000000000
 -8.53000000000000 41.8700000000000
 -8.55000000000000 41.8700000000000
 -8.57000000000000 41.8700000000000
 -8.59000000000000 41.8700000000000
 -8.61000000000000 41.8900000000000
 -8.63000000000000 41.8900000000000
 -8.65000000000000 41.9100000000000
 -8.67000000000000 41.9100000000000
 -8.69000000000000 41.9100000000000
 -8.71000000000000 41.9100000000000
 -8.69000000000000 41.9300000000000
 -8.69000000000000 41.9500000000000
 -8.71000000000000 41.9700000000000
 <endpolygon>
