PROJ4_STRING : +proj=longlat +datum=WGS84 +no_defs
 <beginpolygon>
  -8.59000000000000        41.1299980000000     
  -8.59000000000000        41.1499980000000     
  -8.59000000000000        41.1699980000000     
  -8.57000000000000        41.1899980000000     
  -8.55000000000000        41.1899980000000     
  -8.53000000000000        41.1899980000000     
  -8.51000000000000        41.1899980000000     
  -8.49000000000000        41.2099980000000     
  -8.47000000000000        41.2299980000000     
  -8.45000000000000        41.2499980000000     
  -8.43000000000000        41.2499980000000     
  -8.43000000000000        41.2699980000000     
  -8.43000000000000        41.2899980000000     
  -8.41000000000000        41.3099980000000     
  -8.39000000000000        41.3099980000000     
  -8.37000000000000        41.3099980000000     
  -8.35000000000000        41.3099980000000     
  -8.33000000000000        41.3099980000000     
  -8.31000000000000        41.3299980000000     
  -8.29000000000000        41.3299980000000     
  -8.27000000000000        41.3299980000000     
  -8.25000000000000        41.3499980000000     
  -8.23000000000000        41.3499980000000     
  -8.21000000000000        41.3699980000000     
  -8.19000000000000        41.3699980000000     
  -8.17000000000000        41.3899980000000     
  -8.15000000000000        41.3899980000000     
  -8.13000000000000        41.3699980000000     
  -8.11000000000000        41.3899980000000     
  -8.09000000000000        41.3899980000000     
  -8.07000000000000        41.4099980000000     
  -8.07000000000000        41.4299980000000     
  -8.07000000000000        41.4499980000000     
  -8.07000000000000        41.4699980000000     
  -8.09000000000000        41.4899980000000     
  -8.11000000000000        41.5099980000000     
  -8.09000000000000        41.5299980000000     
  -8.07000000000000        41.5299980000000     
  -8.05000000000000        41.5499980000000     
  -8.05000000000000        41.5699980000000     
  -8.05000000000000        41.5899980000000     
  -8.05000000000000        41.6099980000000     
  -8.03000000000000        41.6299980000000     
  -8.01000000000000        41.6299980000000     
  -7.99000000000000        41.6099980000000     
  -7.97000000000000        41.6099980000000     
  -7.95000000000000        41.6099980000000     
  -7.93000000000000        41.6099980000000     
  -7.91000000000000        41.6099980000000     
  -7.91000000000000        41.6299980000000     
  -7.91000000000000        41.6499980000000     
  -7.89000000000000        41.6699980000000     
  -7.87000000000000        41.6899980000000     
  -7.85000000000000        41.6899980000000     
  -7.83000000000000        41.6899980000000     
  -7.81000000000000        41.7099980000000     
  -7.79000000000000        41.7099980000000     
  -7.77000000000000        41.7099980000000     
  -7.75000000000000        41.7099980000000     
  -7.75000000000000        41.7299980000000     
  -7.75000000000000        41.7499980000000     
  -7.75000000000000        41.7699980000000     
  -7.75000000000000        41.7899980000000     
  -7.75000000000000        41.8099980000000     
  -7.75000000000000        41.8299980000000     
  -7.75000000000000        41.8499980000000     
  -7.73000000000000        41.8699980000000     
  -7.71000000000000        41.8899980000000     
  -7.69000000000000        41.9099980000000     
  -7.67000000000000        41.9299980000000     
  -7.65000000000000        41.9299980000000     
  -7.63000000000000        41.9499980000000     
  -7.61000000000000        41.9699980000000     
  -7.59000000000000        41.9699980000000     
  -7.57000000000000        41.9699980000000     
  -7.57000000000000        41.9899980000000     
  -7.55000000000000        42.0099980000000     
  -7.55000000000000        42.0299980000000     
  -7.55000000000000        42.0499980000000     
  -7.55000000000000        42.0699980000000     
  -7.55000000000000        42.0899980000000     
  -7.55000000000000        42.1099980000000     
  -7.53000000000000        42.1299980000000     
  -7.51000000000000        42.1499980000000     
  -7.49000000000000        42.1699980000000     
  -7.47000000000000        42.1699980000000     
  -7.45000000000000        42.1499980000000     
  -7.43000000000000        42.1499980000000     
  -7.41000000000000        42.1499980000000     
  -7.39000000000000        42.1299980000000     
  -7.37000000000000        42.1099980000000     
  -7.35000000000000        42.0899980000000     
  -7.35000000000000        42.0699980000000     
  -7.35000000000000        42.0499980000000     
  -7.33000000000000        42.0299980000000     
  -7.31000000000000        42.0499980000000     
  -7.29000000000000        42.0699980000000     
  -7.27000000000000        42.0699980000000     
  -7.25000000000000        42.0699980000000     
  -7.23000000000000        42.0699980000000     
  -7.21000000000000        42.0699980000000     
  -7.19000000000000        42.0899980000000     
  -7.17000000000000        42.0899980000000     
  -7.15000000000000        42.0899980000000     
  -7.13000000000000        42.0899980000000     
  -7.11000000000000        42.0699980000000     
  -7.09000000000000        42.0699980000000     
  -7.07000000000000        42.0899980000000     
  -7.05000000000000        42.0699980000000     
  -7.03000000000000        42.0699980000000     
  -7.01000000000000        42.0699980000000     
  -6.99000000000000        42.0699980000000     
  -6.97000000000000        42.0699980000000     
  -6.95000000000000        42.0899980000000     
  -6.93000000000000        42.0899980000000     
  -6.91000000000000        42.1099980000000     
  -6.89000000000000        42.1099980000000     
  -6.87000000000000        42.1099980000000     
  -6.85000000000000        42.1099980000000     
  -6.83000000000000        42.1299980000000     
  -6.81000000000000        42.1499980000000     
  -6.81000000000000        42.1699980000000     
  -6.81000000000000        42.1899980000000     
  -6.79000000000000        42.2099980000000     
  -6.77000000000000        42.2299980000000     
  -6.75000000000000        42.2499980000000     
  -6.73000000000000        42.2299980000000     
  -6.73000000000000        42.2099980000000     
  -6.71000000000000        42.1899980000000     
  -6.69000000000000        42.2099980000000     
  -6.67000000000000        42.2099980000000     
  -6.65000000000000        42.2099980000000     
  -6.63000000000000        42.2099980000000     
  -6.61000000000000        42.2099980000000     
  -6.59000000000000        42.2099980000000     
  -6.57000000000000        42.2099980000000     
  -6.55000000000000        42.2099980000000     
  -6.53000000000000        42.2099980000000     
  -6.51000000000000        42.2299980000000     
  -6.51000000000000        42.2499980000000     
  -6.49000000000000        42.2699980000000     
  -6.47000000000000        42.2699980000000     
  -6.45000000000000        42.2899980000000     
  -6.43000000000000        42.2899980000000     
  -6.41000000000000        42.2899980000000     
  -6.41000000000000        42.3099980000000     
  -6.41000000000000        42.3299980000000     
  -6.43000000000000        42.3499980000000     
  -6.45000000000000        42.3499980000000     
  -6.47000000000000        42.3699980000000     
  -6.49000000000000        42.3899980000000     
  -6.47000000000000        42.4099980000000     
  -6.45000000000000        42.4299980000000     
  -6.43000000000000        42.4299980000000     
  -6.41000000000000        42.4499980000000     
  -6.39000000000000        42.4499980000000     
  -6.37000000000000        42.4499980000000     
  -6.37000000000000        42.4699980000000     
  -6.35000000000000        42.4899980000000     
  -6.33000000000000        42.4899980000000     
  -6.31000000000000        42.5099980000000     
  -6.29000000000000        42.5299980000000     
  -6.27000000000000        42.5499980000000     
  -6.25000000000000        42.5499980000000     
  -6.23000000000000        42.5499980000000     
  -6.23000000000000        42.5699980000000     
  -6.23000000000000        42.5899980000000     
  -6.23000000000000        42.6099980000000     
  -6.23000000000000        42.6299980000000     
  -6.23000000000000        42.6499980000000     
  -6.21000000000000        42.6699980000000     
  -6.19000000000000        42.6699980000000     
  -6.17000000000000        42.6899980000000     
  -6.15000000000000        42.7099980000000     
  -6.15000000000000        42.7299980000000     
  -6.17000000000000        42.7499980000000     
  -6.17000000000000        42.7699980000000     
  -6.19000000000000        42.7899980000000     
  -6.21000000000000        42.7899980000000     
  -6.23000000000000        42.7899980000000     
  -6.25000000000000        42.7899980000000     
  -6.27000000000000        42.8099980000000     
  -6.29000000000000        42.8099980000000     
  -6.27000000000000        42.8299980000000     
  -6.25000000000000        42.8499980000000     
  -6.23000000000000        42.8499980000000     
  -6.21000000000000        42.8299980000000     
  -6.19000000000000        42.8299980000000     
  -6.19000000000000        42.8499980000000     
  -6.19000000000000        42.8699980000000     
  -6.19000000000000        42.8899980000000     
  -6.19000000000000        42.9099980000000     
  -6.19000000000000        42.9299980000000     
  -6.19000000000000        42.9499980000000     
  -6.19000000000000        42.9699980000000     
  -6.17000000000000        42.9899980000000     
  -6.15000000000000        42.9899980000000     
  -6.13000000000000        43.0099980000000     
  -6.11000000000000        43.0299980000000     
  -6.09000000000000        43.0299980000000     
  -6.07000000000000        43.0499980000000     
  -6.05000000000000        43.0499980000000     
  -6.03000000000000        43.0499980000000     
  -6.01000000000000        43.0499980000000     
  -5.99000000000000        43.0499980000000     
  -5.97000000000000        43.0499980000000     
  -5.95000000000000        43.0499980000000     
  -5.95000000000000        43.0299980000000     
  -5.93000000000000        43.0099980000000     
  -5.93000000000000        42.9899980000000     
  -5.91000000000000        42.9699980000000     
  -5.89000000000000        42.9699980000000     
  -5.87000000000000        42.9499980000000     
  -5.85000000000000        42.9499980000000     
  -5.83000000000000        42.9499980000000     
  -5.81000000000000        42.9499980000000     
  -5.79000000000000        42.9499980000000     
  -5.77000000000000        42.9699980000000     
  -5.75000000000000        42.9699980000000     
  -5.75000000000000        42.9899980000000     
  -5.73000000000000        43.0099980000000     
  -5.71000000000000        43.0299980000000     
  -5.69000000000000        43.0299980000000     
  -5.67000000000000        43.0299980000000     
  -5.65000000000000        43.0299980000000     
  -5.63000000000000        43.0099980000000     
  -5.61000000000000        43.0299980000000     
  -5.59000000000000        43.0299980000000     
  -5.57000000000000        43.0299980000000     
  -5.55000000000000        43.0099980000000     
  -5.53000000000000        43.0099980000000     
  -5.51000000000000        43.0099980000000     
  -5.49000000000000        43.0099980000000     
  -5.47000000000000        43.0099980000000     
  -5.47000000000000        43.0299980000000     
  -5.45000000000000        43.0499980000000     
  -5.43000000000000        43.0499980000000     
  -5.41000000000000        43.0499980000000     
  -5.39000000000000        43.0299980000000     
  -5.39000000000000        43.0499980000000     
  -5.37000000000000        43.0699980000000     
  -5.35000000000000        43.0699980000000     
  -5.33000000000000        43.0699980000000     
  -5.31000000000000        43.0699980000000     
  -5.29000000000000        43.0699980000000     
  -5.27000000000000        43.0699980000000     
  -5.25000000000000        43.0699980000000     
  -5.23000000000000        43.0699980000000     
  -5.21000000000000        43.0699980000000     
  -5.19000000000000        43.0699980000000     
  -5.17000000000000        43.0899980000000     
  -5.15000000000000        43.1099980000000     
  -5.13000000000000        43.1099980000000     
  -5.11000000000000        43.1099980000000     
  -5.09000000000000        43.0899980000000     
  -5.07000000000000        43.0899980000000     
  -5.05000000000000        43.0899980000000     
  -5.03000000000000        43.0899980000000     
  -5.01000000000000        43.0899980000000     
  -4.99000000000000        43.0899980000000     
  -4.97000000000000        43.0899980000000     
  -4.95000000000000        43.1099980000000     
  -4.93000000000000        43.0899980000000     
  -4.91000000000000        43.1099980000000     
  -4.89000000000000        43.0899980000000     
  -4.87000000000000        43.0899980000000     
  -4.85000000000000        43.0899980000000     
  -4.83000000000000        43.0899980000000     
  -4.81000000000000        43.0899980000000     
  -4.79000000000000        43.0899980000000     
  -4.77000000000000        43.0699980000000     
  -4.75000000000000        43.0699980000000     
  -4.75000000000000        43.0499980000000     
  -4.73000000000000        43.0299980000000     
  -4.71000000000000        43.0099980000000     
  -4.69000000000000        43.0099980000000     
  -4.67000000000000        43.0099980000000     
  -4.65000000000000        43.0099980000000     
  -4.63000000000000        43.0099980000000     
  -4.61000000000000        43.0099980000000     
  -4.59000000000000        43.0099980000000     
  -4.57000000000000        43.0099980000000     
  -4.55000000000000        43.0099980000000     
  -4.53000000000000        43.0099980000000     
  -4.51000000000000        43.0099980000000     
  -4.49000000000000        43.0299980000000     
  -4.47000000000001        43.0299980000000     
  -4.45000000000001        43.0299980000000     
  -4.43000000000001        43.0299980000000     
  -4.41000000000001        43.0299980000000     
  -4.39000000000001        43.0299980000000     
  -4.37000000000001        43.0299980000000     
  -4.37000000000001        43.0099980000000     
  -4.37000000000001        42.9899980000000     
  -4.35000000000001        42.9699980000000     
  -4.33000000000001        42.9699980000000     
  -4.31000000000001        42.9699980000000     
  -4.29000000000001        42.9699980000000     
  -4.27000000000001        42.9699980000000     
  -4.25000000000001        42.9699980000000     
  -4.23000000000001        42.9499980000000     
  -4.21000000000001        42.9499980000000     
  -4.19000000000001        42.9499980000000     
  -4.17000000000001        42.9299980000000     
  -4.17000000000001        42.9099980000000     
  -4.17000000000001        42.8899980000000     
  -4.15000000000001        42.8699980000000     
  -4.15000000000001        42.8499980000000     
  -4.17000000000001        42.8299980000000     
  -4.17000000000001        42.8099980000000     
  -4.17000000000001        42.7899980000000     
  -4.15000000000001        42.7699980000000     
  -4.13000000000001        42.7699980000000     
  -4.11000000000001        42.7699980000000     
  -4.09000000000001        42.7499980000000     
  -4.07000000000001        42.7499980000000     
  -4.07000000000001        42.7299980000000     
  -4.07000000000001        42.7099980000000     
  -4.07000000000001        42.6899980000000     
  -4.07000000000001        42.6699980000000     
  -4.05000000000001        42.6499980000000     
  -4.03000000000001        42.6299980000000     
  -4.01000000000001        42.6499980000000     
  -3.99000000000002        42.6499980000000     
  -3.97000000000002        42.6499980000000     
  -3.95000000000002        42.6499980000000     
  -3.93000000000002        42.6299980000000     
  -3.91000000000002        42.6299980000000     
  -3.91000000000002        42.6099980000000     
  -3.89000000000002        42.5899980000000     
  -3.87000000000002        42.5899980000000     
  -3.85000000000002        42.5899980000000     
  -3.85000000000002        42.6099980000000     
  -3.83000000000002        42.6299980000000     
  -3.81000000000002        42.6499980000000     
  -3.79000000000002        42.6699980000000     
  -3.77000000000002        42.6699980000000     
  -3.75000000000002        42.6499980000000     
  -3.73000000000002        42.6299980000000     
  -3.71000000000002        42.6099980000000     
  -3.69000000000002        42.6099980000000     
  -3.69000000000002        42.5899980000000     
  -3.69000000000002        42.5699980000000     
  -3.67000000000002        42.5499980000000     
  -3.67000000000002        42.5299980000000     
  -3.67000000000002        42.5099980000000     
  -3.65000000000002        42.4899980000000     
  -3.63000000000002        42.4899980000000     
  -3.61000000000002        42.4899980000000     
  -3.59000000000002        42.4899980000000     
  -3.57000000000002        42.4699980000000     
  -3.57000000000002        42.4499980000000     
  -3.55000000000002        42.4299980000000     
  -3.55000000000002        42.4099980000000     
  -3.55000000000002        42.3899980000000     
  -3.55000000000002        42.3699980000000     
  -3.53000000000003        42.3499980000000     
  -3.51000000000003        42.3499980000000     
  -3.49000000000003        42.3299980000000     
  -3.47000000000003        42.3299980000000     
  -3.45000000000003        42.3299980000000     
  -3.43000000000003        42.3499980000000     
  -3.41000000000003        42.3499980000000     
  -3.39000000000003        42.3499980000000     
  -3.37000000000003        42.3499980000000     
  -3.35000000000003        42.3499980000000     
  -3.33000000000003        42.3299980000000     
  -3.31000000000003        42.3099980000000     
  -3.29000000000003        42.2899980000000     
  -3.27000000000003        42.2699980000000     
  -3.25000000000003        42.2699980000000     
  -3.23000000000003        42.2499980000000     
  -3.21000000000003        42.2299980000000     
  -3.19000000000003        42.2299980000000     
  -3.17000000000003        42.2499980000000     
  -3.15000000000003        42.2499980000000     
  -3.13000000000003        42.2499980000000     
  -3.11000000000003        42.2299980000000     
  -3.09000000000003        42.2099980000000     
  -3.07000000000003        42.1899980000000     
  -3.05000000000004        42.1899980000000     
  -3.05000000000004        42.1699980000000     
  -3.05000000000004        42.1499980000000     
  -3.05000000000004        42.1299980000000     
  -3.05000000000004        42.1099980000000     
  -3.03000000000004        42.0899980000000     
  -3.03000000000004        42.0699980000000     
  -3.03000000000004        42.0499980000000     
  -3.01000000000004        42.0499980000000     
  -2.99000000000004        42.0299980000000     
  -2.97000000000004        42.0299980000000     
  -2.95000000000004        42.0299980000000     
  -2.93000000000004        42.0099980000000     
  -2.91000000000004        42.0299980000000     
  -2.89000000000004        42.0099980000000     
  -2.87000000000004        42.0099980000000     
  -2.85000000000004        42.0099980000000     
  -2.85000000000004        42.0299980000000     
  -2.83000000000004        42.0499980000000     
  -2.81000000000004        42.0499980000000     
  -2.79000000000004        42.0499980000000     
  -2.77000000000004        42.0299980000000     
  -2.75000000000004        42.0299980000000     
  -2.73000000000004        42.0299980000000     
  -2.71000000000004        42.0099980000000     
  -2.69000000000004        42.0099980000000     
  -2.67000000000004        42.0099980000000     
  -2.65000000000004        42.0099980000000     
  -2.63000000000004        42.0099980000000     
  -2.61000000000004        42.0099980000000     
  -2.59000000000005        42.0099980000000     
  -2.57000000000005        42.0099980000000     
  -2.55000000000005        42.0299980000000     
  -2.53000000000005        42.0499980000000     
  -2.51000000000005        42.0699980000000     
  -2.49000000000005        42.0499980000000     
  -2.47000000000005        42.0299980000000     
  -2.45000000000005        42.0099980000000     
  -2.43000000000005        42.0099980000000     
  -2.41000000000005        41.9899980000000     
  -2.39000000000005        41.9899980000000     
  -2.37000000000005        41.9699980000000     
  -2.35000000000005        41.9699980000000     
  -2.33000000000005        41.9699980000000     
  -2.31000000000005        41.9699980000000     
  -2.29000000000005        41.9499980000000     
  -2.27000000000005        41.9499980000000     
  -2.25000000000005        41.9499980000000     
  -2.25000000000005        41.9299980000000     
  -2.25000000000005        41.9099980000000     
  -2.25000000000005        41.8899980000000     
  -2.25000000000005        41.8699980000000     
  -2.23000000000005        41.8499980000000     
  -2.21000000000005        41.8299980000000     
  -2.19000000000005        41.8299980000000     
  -2.17000000000005        41.8499980000000     
  -2.15000000000005        41.8499980000000     
  -2.13000000000005        41.8499980000000     
  -2.11000000000006        41.8299980000000     
  -2.09000000000006        41.8099980000000     
  -2.07000000000006        41.7899980000000     
  -2.05000000000006        41.7699980000000     
  -2.03000000000006        41.7699980000000     
  -2.01000000000006        41.7499980000000     
  -1.99000000000006        41.7499980000000     
  -1.97000000000006        41.7499980000000     
  -1.95000000000006        41.7499980000000     
  -1.93000000000006        41.7499980000000     
  -1.91000000000006        41.7699980000000     
  -1.89000000000006        41.7699980000000     
  -1.87000000000006        41.7899980000000     
  -1.85000000000006        41.7899980000000     
  -1.83000000000006        41.7899980000000     
  -1.83000000000006        41.7699980000000     
  -1.83000000000006        41.7499980000000     
  -1.83000000000006        41.7299980000000     
  -1.83000000000006        41.7099980000000     
  -1.83000000000006        41.6899980000000     
  -1.85000000000006        41.6899980000000     
  -1.87000000000006        41.6899980000000     
  -1.89000000000006        41.6899980000000     
  -1.91000000000006        41.7099980000000     
  -1.93000000000006        41.6899980000000     
  -1.95000000000006        41.6899980000000     
  -1.97000000000006        41.6699980000000     
  -1.99000000000006        41.6499980000000     
  -2.01000000000006        41.6299980000000     
  -2.01000000000006        41.6099980000000     
  -2.03000000000006        41.6099980000000     
  -2.05000000000006        41.5899980000000     
  -2.07000000000006        41.5899980000000     
  -2.09000000000006        41.5899980000000     
  -2.11000000000006        41.5899980000000     
  -2.13000000000005        41.5899980000000     
  -2.15000000000005        41.5899980000000     
  -2.17000000000005        41.5899980000000     
  -2.19000000000005        41.5699980000000     
  -2.19000000000005        41.5499980000000     
  -2.21000000000005        41.5499980000000     
  -2.23000000000005        41.5499980000000     
  -2.25000000000005        41.5499980000000     
  -2.27000000000005        41.5499980000000     
  -2.29000000000005        41.5299980000000     
  -2.31000000000005        41.5099980000000     
  -2.31000000000005        41.4899980000000     
  -2.31000000000005        41.4699980000000     
  -2.31000000000005        41.4499980000000     
  -2.31000000000005        41.4299980000000     
  -2.31000000000005        41.4099980000000     
  -2.33000000000005        41.4099980000000     
  -2.35000000000005        41.3899980000000     
  -2.37000000000005        41.3899980000000     
  -2.39000000000005        41.3699980000000     
  -2.39000000000005        41.3499980000000     
  -2.39000000000005        41.3299980000000     
  -2.41000000000005        41.3099980000000     
  -2.43000000000005        41.2899980000000     
  -2.45000000000005        41.2899980000000     
  -2.47000000000005        41.2899980000000     
  -2.49000000000005        41.3099980000000     
  -2.51000000000005        41.2899980000000     
  -2.53000000000005        41.2899980000000     
  -2.55000000000005        41.2699980000000     
  -2.55000000000005        41.2499980000000     
  -2.57000000000005        41.2299980000000     
  -2.59000000000005        41.2299980000000     
  -2.61000000000004        41.2299980000000     
  -2.61000000000004        41.2499980000000     
  -2.63000000000004        41.2699980000000     
  -2.65000000000004        41.2499980000000     
  -2.67000000000004        41.2499980000000     
  -2.69000000000004        41.2699980000000     
  -2.71000000000004        41.2699980000000     
  -2.73000000000004        41.2699980000000     
  -2.75000000000004        41.2699980000000     
  -2.77000000000004        41.2699980000000     
  -2.79000000000004        41.2699980000000     
  -2.81000000000004        41.2699980000000     
  -2.83000000000004        41.2499980000000     
  -2.85000000000004        41.2499980000000     
  -2.85000000000004        41.2699980000000     
  -2.87000000000004        41.2899980000000     
  -2.89000000000004        41.2899980000000     
  -2.91000000000004        41.3099980000000     
  -2.93000000000004        41.3099980000000     
  -2.95000000000004        41.3099980000000     
  -2.97000000000004        41.2899980000000     
  -2.99000000000004        41.2899980000000     
  -3.01000000000004        41.2699980000000     
  -3.03000000000004        41.2699980000000     
  -3.05000000000004        41.2699980000000     
  -3.07000000000003        41.2699980000000     
  -3.09000000000003        41.2499980000000     
  -3.11000000000003        41.2499980000000     
  -3.13000000000003        41.2499980000000     
  -3.15000000000003        41.2699980000000     
  -3.17000000000003        41.2699980000000     
  -3.19000000000003        41.2699980000000     
  -3.21000000000003        41.2699980000000     
  -3.23000000000003        41.2699980000000     
  -3.25000000000003        41.2699980000000     
  -3.27000000000003        41.2499980000000     
  -3.29000000000003        41.2499980000000     
  -3.31000000000003        41.2499980000000     
  -3.33000000000003        41.2499980000000     
  -3.35000000000003        41.2499980000000     
  -3.37000000000003        41.2499980000000     
  -3.39000000000003        41.2299980000000     
  -3.39000000000003        41.2099980000000     
  -3.41000000000003        41.2099980000000     
  -3.43000000000003        41.1899980000000     
  -3.45000000000003        41.1699980000000     
  -3.47000000000003        41.1699980000000     
  -3.49000000000003        41.1699980000000     
  -3.51000000000003        41.1499980000000     
  -3.53000000000003        41.1499980000000     
  -3.55000000000002        41.1299980000000     
  -3.57000000000002        41.1299980000000     
  -3.59000000000002        41.1299980000000     
  -3.61000000000002        41.1299980000000     
  -3.63000000000002        41.1099980000000     
  -3.65000000000002        41.0899980000000     
  -3.67000000000002        41.0699980000000     
  -3.69000000000002        41.0699980000000     
  -3.71000000000002        41.0699980000000     
  -3.73000000000002        41.0499980000000     
  -3.75000000000002        41.0299980000000     
  -3.75000000000002        41.0099980000000     
  -3.77000000000002        41.0099980000000     
  -3.79000000000002        40.9899980000000     
  -3.81000000000002        40.9899980000000     
  -3.83000000000002        40.9899980000000     
  -3.85000000000002        40.9899980000000     
  -3.87000000000002        40.9899980000000     
  -3.89000000000002        40.9699980000000     
  -3.91000000000002        40.9499980000000     
  -3.93000000000002        40.9299980000000     
  -3.93000000000002        40.9099980000000     
  -3.95000000000002        40.8899980000000     
  -3.95000000000002        40.8699980000000     
  -3.95000000000002        40.8499980000000     
  -3.95000000000002        40.8299980000000     
  -3.95000000000002        40.8099980000000     
  -3.95000000000002        40.7899980000000     
  -3.97000000000002        40.7899980000000     
  -3.99000000000002        40.7899980000000     
  -4.01000000000001        40.7899980000000     
  -4.03000000000001        40.7899980000000     
  -4.05000000000001        40.7899980000000     
  -4.07000000000001        40.7899980000000     
  -4.09000000000001        40.8099980000000     
  -4.11000000000001        40.7899980000000     
  -4.11000000000001        40.7699980000000     
  -4.11000000000001        40.7499980000000     
  -4.13000000000001        40.7299980000000     
  -4.15000000000001        40.7099980000000     
  -4.15000000000001        40.6899980000000     
  -4.17000000000001        40.6899980000000     
  -4.19000000000001        40.6699980000000     
  -4.21000000000001        40.6699980000000     
  -4.23000000000001        40.6699980000000     
  -4.25000000000001        40.6699980000000     
  -4.27000000000001        40.6699980000000     
  -4.29000000000001        40.6699980000000     
  -4.31000000000001        40.6499980000000     
  -4.33000000000001        40.6499980000000     
  -4.35000000000001        40.6299980000000     
  -4.37000000000001        40.6299980000000     
  -4.39000000000001        40.6299980000000     
  -4.41000000000001        40.6299980000000     
  -4.43000000000001        40.6299980000000     
  -4.45000000000001        40.6299980000000     
  -4.47000000000001        40.6299980000000     
  -4.49000000000000        40.6299980000000     
  -4.51000000000000        40.6299980000000     
  -4.53000000000000        40.6299980000000     
  -4.55000000000000        40.6299980000000     
  -4.57000000000000        40.6299980000000     
  -4.59000000000000        40.6099980000000     
  -4.59000000000000        40.5899980000000     
  -4.61000000000000        40.5699980000000     
  -4.63000000000000        40.5499980000000     
  -4.65000000000000        40.5499980000000     
  -4.67000000000000        40.5299980000000     
  -4.69000000000000        40.5299980000000     
  -4.71000000000000        40.5099980000000     
  -4.73000000000000        40.5099980000000     
  -4.75000000000000        40.5099980000000     
  -4.77000000000000        40.5099980000000     
  -4.79000000000000        40.4899980000000     
  -4.81000000000000        40.4899980000000     
  -4.83000000000000        40.4899980000000     
  -4.85000000000000        40.4899980000000     
  -4.87000000000000        40.4899980000000     
  -4.89000000000000        40.4899980000000     
  -4.91000000000000        40.4899980000000     
  -4.93000000000000        40.4699980000000     
  -4.95000000000000        40.4699980000000     
  -4.97000000000000        40.4699980000000     
  -4.99000000000000        40.4699980000000     
  -5.01000000000000        40.4699980000000     
  -5.03000000000000        40.4699980000000     
  -5.05000000000000        40.4899980000000     
  -5.07000000000000        40.4899980000000     
  -5.09000000000000        40.4899980000000     
  -5.11000000000000        40.4899980000000     
  -5.13000000000000        40.4699980000000     
  -5.15000000000000        40.4499980000000     
  -5.17000000000000        40.4499980000000     
  -5.19000000000000        40.4499980000000     
  -5.21000000000000        40.4499980000000     
  -5.23000000000000        40.4299980000000     
  -5.21000000000000        40.4099980000000     
  -5.19000000000000        40.3899980000000     
  -5.17000000000000        40.3899980000000     
  -5.15000000000000        40.3899980000000     
  -5.13000000000000        40.3899980000000     
  -5.11000000000000        40.3899980000000     
  -5.11000000000000        40.3699980000000     
  -5.11000000000000        40.3499980000000     
  -5.11000000000000        40.3299980000000     
  -5.11000000000000        40.3099980000000     
  -5.13000000000000        40.3099980000000     
  -5.15000000000000        40.2899980000000     
  -5.17000000000000        40.2699980000000     
  -5.19000000000000        40.2699980000000     
  -5.21000000000000        40.2699980000000     
  -5.23000000000000        40.2699980000000     
  -5.25000000000000        40.2699980000000     
  -5.27000000000000        40.2699980000000     
  -5.29000000000000        40.2699980000000     
  -5.31000000000000        40.2699980000000     
  -5.33000000000000        40.2699980000000     
  -5.35000000000000        40.2699980000000     
  -5.37000000000000        40.2699980000000     
  -5.39000000000000        40.2499980000000     
  -5.41000000000000        40.2499980000000     
  -5.43000000000000        40.2499980000000     
  -5.45000000000000        40.2299980000000     
  -5.47000000000000        40.2099980000000     
  -5.49000000000000        40.2099980000000     
  -5.51000000000000        40.1899980000000     
  -5.53000000000000        40.1899980000000     
  -5.55000000000000        40.2099980000000     
  -5.57000000000000        40.2099980000000     
  -5.59000000000000        40.2299980000000     
  -5.61000000000000        40.2299980000000     
  -5.63000000000000        40.2499980000000     
  -5.65000000000000        40.2499980000000     
  -5.65000000000000        40.2699980000000     
  -5.67000000000000        40.2899980000000     
  -5.69000000000000        40.3099980000000     
  -5.71000000000000        40.3099980000000     
  -5.69000000000000        40.3299980000000     
  -5.69000000000000        40.3499980000000     
  -5.69000000000000        40.3699980000000     
  -5.69000000000000        40.3899980000000     
  -5.69000000000000        40.4099980000000     
  -5.69000000000000        40.4299980000000     
  -5.69000000000000        40.4499980000000     
  -5.67000000000000        40.4699980000000     
  -5.65000000000000        40.4899980000000     
  -5.65000000000000        40.5099980000000     
  -5.67000000000000        40.5299980000000     
  -5.69000000000000        40.5499980000000     
  -5.71000000000000        40.5299980000000     
  -5.73000000000000        40.5299980000000     
  -5.75000000000000        40.5299980000000     
  -5.75000000000000        40.5499980000000     
  -5.75000000000000        40.5699980000000     
  -5.75000000000000        40.5899980000000     
  -5.75000000000000        40.6099980000000     
  -5.75000000000000        40.6299980000000     
  -5.75000000000000        40.6499980000000     
  -5.77000000000000        40.6699980000000     
  -5.79000000000000        40.6899980000000     
  -5.81000000000000        40.6899980000000     
  -5.83000000000000        40.7099980000000     
  -5.85000000000000        40.7099980000000     
  -5.87000000000000        40.7099980000000     
  -5.89000000000000        40.6899980000000     
  -5.89000000000000        40.6699980000000     
  -5.89000000000000        40.6499980000000     
  -5.91000000000000        40.6299980000000     
  -5.93000000000000        40.6099980000000     
  -5.95000000000000        40.5899980000000     
  -5.97000000000000        40.5899980000000     
  -5.99000000000000        40.5899980000000     
  -6.01000000000000        40.5899980000000     
  -6.03000000000000        40.5699980000000     
  -6.05000000000000        40.5499980000000     
  -6.07000000000000        40.5499980000000     
  -6.09000000000000        40.5499980000000     
  -6.11000000000000        40.5299980000000     
  -6.13000000000000        40.5099980000000     
  -6.15000000000000        40.5099980000000     
  -6.17000000000000        40.5099980000000     
  -6.19000000000000        40.4899980000000     
  -6.21000000000000        40.4899980000000     
  -6.23000000000000        40.4899980000000     
  -6.25000000000000        40.4699980000000     
  -6.27000000000000        40.4699980000000     
  -6.29000000000000        40.4699980000000     
  -6.31000000000000        40.4699980000000     
  -6.33000000000000        40.4499980000000     
  -6.35000000000000        40.4299980000000     
  -6.35000000000000        40.4099980000000     
  -6.37000000000000        40.4099980000000     
  -6.39000000000000        40.4099980000000     
  -6.41000000000000        40.3899980000000     
  -6.43000000000000        40.3699980000000     
  -6.45000000000000        40.3699980000000     
  -6.47000000000000        40.3699980000000     
  -6.49000000000000        40.3699980000000     
  -6.51000000000000        40.3499980000000     
  -6.53000000000000        40.3299980000000     
  -6.53000000000000        40.3099980000000     
  -6.55000000000000        40.3099980000000     
  -6.57000000000000        40.3099980000000     
  -6.59000000000000        40.2899980000000     
  -6.59000000000000        40.2699980000000     
  -6.61000000000000        40.2699980000000     
  -6.63000000000000        40.2899980000000     
  -6.65000000000000        40.2899980000000     
  -6.67000000000000        40.2899980000000     
  -6.69000000000000        40.2699980000000     
  -6.71000000000000        40.2699980000000     
  -6.73000000000000        40.2699980000000     
  -6.75000000000000        40.2499980000000     
  -6.77000000000000        40.2499980000000     
  -6.79000000000000        40.2499980000000     
  -6.81000000000000        40.2499980000000     
  -6.83000000000000        40.2499980000000     
  -6.85000000000000        40.2699980000000     
  -6.87000000000000        40.2699980000000     
  -6.89000000000000        40.2699980000000     
  -6.91000000000000        40.2699980000000     
  -6.93000000000000        40.2699980000000     
  -6.95000000000000        40.2699980000000     
  -6.97000000000000        40.2699980000000     
  -6.99000000000000        40.2699980000000     
  -7.01000000000000        40.2699980000000     
  -7.03000000000000        40.2699980000000     
  -7.05000000000000        40.2699980000000     
  -7.07000000000000        40.2899980000000     
  -7.09000000000000        40.3099980000000     
  -7.11000000000000        40.3299980000000     
  -7.13000000000000        40.3299980000000     
  -7.15000000000000        40.3499980000000     
  -7.17000000000000        40.3699980000000     
  -7.19000000000000        40.3899980000000     
  -7.21000000000000        40.4099980000000     
  -7.21000000000000        40.4299980000000     
  -7.21000000000000        40.4499980000000     
  -7.23000000000000        40.4699980000000     
  -7.25000000000000        40.4899980000000     
  -7.27000000000000        40.4899980000000     
  -7.29000000000000        40.4899980000000     
  -7.29000000000000        40.5099980000000     
  -7.27000000000000        40.5299980000000     
  -7.25000000000000        40.5499980000000     
  -7.23000000000000        40.5699980000000     
  -7.25000000000000        40.5899980000000     
  -7.25000000000000        40.6099980000000     
  -7.25000000000000        40.6299980000000     
  -7.25000000000000        40.6499980000000     
  -7.25000000000000        40.6699980000000     
  -7.25000000000000        40.6899980000000     
  -7.27000000000000        40.7099980000000     
  -7.29000000000000        40.7299980000000     
  -7.29000000000000        40.7499980000000     
  -7.31000000000000        40.7699980000000     
  -7.33000000000000        40.7699980000000     
  -7.35000000000000        40.7699980000000     
  -7.37000000000000        40.7499980000000     
  -7.39000000000000        40.7499980000000     
  -7.41000000000000        40.7699980000000     
  -7.43000000000000        40.7699980000000     
  -7.45000000000000        40.7699980000000     
  -7.47000000000000        40.7899980000000     
  -7.49000000000000        40.7899980000000     
  -7.51000000000000        40.7899980000000     
  -7.51000000000000        40.8099980000000     
  -7.53000000000000        40.8299980000000     
  -7.55000000000000        40.8299980000000     
  -7.57000000000000        40.8299980000000     
  -7.57000000000000        40.8499980000000     
  -7.59000000000000        40.8699980000000     
  -7.61000000000000        40.8699980000000     
  -7.63000000000000        40.8699980000000     
  -7.65000000000000        40.8499980000000     
  -7.67000000000000        40.8299980000000     
  -7.69000000000000        40.8299980000000     
  -7.71000000000000        40.8099980000000     
  -7.73000000000000        40.8099980000000     
  -7.75000000000000        40.8099980000000     
  -7.77000000000000        40.8099980000000     
  -7.79000000000000        40.8099980000000     
  -7.81000000000000        40.8099980000000     
  -7.83000000000000        40.8099980000000     
  -7.85000000000000        40.8099980000000     
  -7.87000000000000        40.8299980000000     
  -7.89000000000000        40.8499980000000     
  -7.91000000000000        40.8499980000000     
  -7.93000000000000        40.8699980000000     
  -7.95000000000000        40.8699980000000     
  -7.97000000000000        40.8699980000000     
  -7.99000000000000        40.8699980000000     
  -8.01000000000000        40.8699980000000     
  -8.03000000000000        40.8699980000000     
  -8.05000000000000        40.8899980000000     
  -8.07000000000000        40.8699980000000     
  -8.09000000000000        40.8699980000000     
  -8.11000000000000        40.8499980000000     
  -8.11000000000000        40.8299980000000     
  -8.13000000000000        40.8299980000000     
  -8.15000000000000        40.8299980000000     
  -8.17000000000000        40.8299980000000     
  -8.19000000000000        40.8299980000000     
  -8.21000000000000        40.8499980000000     
  -8.23000000000000        40.8499980000000     
  -8.25000000000000        40.8699980000000     
  -8.27000000000000        40.8699980000000     
  -8.29000000000000        40.8699980000000     
  -8.31000000000000        40.8699980000000     
  -8.33000000000000        40.8699980000000     
  -8.35000000000000        40.8699980000000     
  -8.37000000000000        40.8899980000000     
  -8.39000000000000        40.8899980000000     
  -8.39000000000000        40.9099980000000     
  -8.41000000000000        40.9299980000000     
  -8.43000000000000        40.9299980000000     
  -8.45000000000000        40.9299980000000     
  -8.47000000000000        40.9299980000000     
  -8.49000000000000        40.9299980000000     
  -8.51000000000000        40.9299980000000     
  -8.53000000000000        40.9499980000000     
  -8.53000000000000        40.9699980000000     
  -8.53000000000000        40.9899980000000     
  -8.55000000000000        41.0099980000000     
  -8.57000000000000        41.0299980000000     
  -8.57000000000000        41.0499980000000     
  -8.59000000000000        41.0699980000000     
  -8.61000000000000        41.0899980000000     
  -8.59000000000000        41.1099980000000     
  -8.59000000000000        41.1299980000000     
 <endpolygon>
