PROJ4_STRING : +proj=longlat +datum=WGS84 +no_defs
 <beginpolygon>
  -7.96943700000000        39.0185860000000     
  -7.97543700000000        39.0245860000000     
  -7.96943700000000        39.0305860000000     
  -7.96943700000000        39.0365860000000     
  -7.96943700000000        39.0425860000000     
  -7.97543700000000        39.0485860000000     
  -7.98143700000000        39.0485860000000     
  -7.98743700000000        39.0545860000000     
  -7.99343700000000        39.0545860000000     
  -7.98743700000000        39.0605860000000     
  -7.98143700000000        39.0605860000000     
  -7.97543700000000        39.0665860000000     
  -7.96943700000000        39.0725860000000     
  -7.96343700000000        39.0725860000000     
  -7.95743700000000        39.0725860000000     
  -7.95143700000000        39.0785860000000     
  -7.94543700000000        39.0845860000000     
  -7.93943700000000        39.0845860000000     
  -7.93343700000000        39.0845860000000     
  -7.92743700000000        39.0905860000000     
  -7.92143700000000        39.0905860000000     
  -7.92143700000000        39.0965860000000     
  -7.92143700000000        39.1025860000000     
  -7.91543700000000        39.1085860000000     
  -7.90943700000000        39.1145860000000     
  -7.90943700000000        39.1205860000000     
  -7.90943700000000        39.1265860000000     
  -7.90343700000000        39.1325860000000     
  -7.90343700000000        39.1385860000000     
  -7.90343700000000        39.1445860000000     
  -7.90343700000000        39.1505860000000     
  -7.90343700000000        39.1565860000000     
  -7.89743700000000        39.1625860000000     
  -7.89143700000000        39.1625860000000     
  -7.89143700000000        39.1685860000000     
  -7.88543700000000        39.1745860000000     
  -7.88543700000000        39.1805860000000     
  -7.88543700000000        39.1865860000000     
  -7.89143700000000        39.1925860000000     
  -7.89143700000000        39.1985860000000     
  -7.89743700000000        39.2045860000000     
  -7.89743700000000        39.2105860000000     
  -7.89143700000000        39.2165860000000     
  -7.88543700000000        39.2225860000000     
  -7.87943700000000        39.2225860000000     
  -7.87343700000000        39.2225860000000     
  -7.87343700000000        39.2285860000000     
  -7.87343700000000        39.2345860000000     
  -7.87343700000000        39.2405860000000     
  -7.87943700000000        39.2465860000000     
  -7.88543700000000        39.2525860000000     
  -7.88543700000000        39.2585860000000     
  -7.88543700000000        39.2645860000000     
  -7.88543700000000        39.2705860000000     
  -7.87943700000000        39.2765860000000     
  -7.87343700000000        39.2765860000000     
  -7.86743700000000        39.2765860000000     
  -7.86143700000000        39.2825860000000     
  -7.85543700000000        39.2885860000000     
  -7.84943700000000        39.2885860000000     
  -7.84343700000000        39.2885860000000     
  -7.83743700000000        39.2945860000000     
  -7.83143700000000        39.3005860000000     
  -7.83143700000000        39.3065860000000     
  -7.83143700000000        39.3125860000000     
  -7.83143700000000        39.3185860000000     
  -7.83143700000000        39.3245860000000     
  -7.82543700000000        39.3305860000000     
  -7.81943700000000        39.3305860000000     
  -7.81343700000000        39.3305860000000     
  -7.80743700000000        39.3305860000000     
  -7.80143700000000        39.3305860000000     
  -7.79543700000000        39.3365860000000     
  -7.78943700000000        39.3365860000000     
  -7.78343700000000        39.3365860000000     
  -7.77743700000000        39.3365860000000     
  -7.77143700000000        39.3365860000000     
  -7.76543700000000        39.3365860000000     
  -7.75943700000000        39.3305860000000     
  -7.75343700000000        39.3305860000000     
  -7.74743700000000        39.3245860000000     
  -7.74143700000000        39.3305860000000     
  -7.73543700000000        39.3305860000000     
  -7.72943700000000        39.3365860000000     
  -7.72943700000000        39.3425860000000     
  -7.72343700000000        39.3485860000000     
  -7.71743700000000        39.3485860000000     
  -7.71143700000000        39.3425860000000     
  -7.70543700000000        39.3425860000000     
  -7.69943700000000        39.3425860000000     
  -7.69343700000000        39.3365860000000     
  -7.68743700000000        39.3305860000000     
  -7.68143700000000        39.3305860000000     
  -7.67543700000000        39.3365860000000     
  -7.66943700000000        39.3365860000000     
  -7.66943700000000        39.3425860000000     
  -7.66343700000000        39.3485860000000     
  -7.65743700000000        39.3485860000000     
  -7.65143700000000        39.3545860000000     
  -7.65143700000000        39.3605860000000     
  -7.64543700000000        39.3665860000000     
  -7.64543700000000        39.3725860000000     
  -7.63943700000000        39.3785860000000     
  -7.63343700000000        39.3725860000000     
  -7.62743700000000        39.3725860000000     
  -7.62143700000000        39.3725860000000     
  -7.61543700000000        39.3785860000000     
  -7.60943700000000        39.3785860000000     
  -7.60343700000000        39.3725860000000     
  -7.59743700000000        39.3725860000000     
  -7.59143700000000        39.3725860000000     
  -7.58543700000000        39.3725860000000     
  -7.57943700000000        39.3725860000000     
  -7.57343700000000        39.3785860000000     
  -7.56743700000000        39.3785860000000     
  -7.56143700000000        39.3785860000000     
  -7.55543700000000        39.3785860000000     
  -7.54943700000000        39.3785860000000     
  -7.54343700000000        39.3785860000000     
  -7.53743700000000        39.3725860000000     
  -7.53143700000000        39.3665860000000     
  -7.52543700000000        39.3605860000000     
  -7.51943700000000        39.3545860000000     
  -7.51343700000000        39.3545860000000     
  -7.50743700000000        39.3485860000000     
  -7.50743700000000        39.3425860000000     
  -7.50143700000000        39.3365860000000     
  -7.49543700000000        39.3305860000000     
  -7.48943700000000        39.3305860000000     
  -7.48343700000000        39.3245860000000     
  -7.47743700000000        39.3245860000000     
  -7.47143700000000        39.3245860000000     
  -7.46543700000000        39.3245860000000     
  -7.45943700000000        39.3185860000000     
  -7.45343700000000        39.3125860000000     
  -7.44743700000000        39.3125860000000     
  -7.44143700000000        39.3125860000000     
  -7.43543700000000        39.3125860000000     
  -7.42943700000000        39.3125860000000     
  -7.42343700000000        39.3125860000000     
  -7.41743700000000        39.3125860000000     
  -7.41143700000000        39.3065860000000     
  -7.40543700000000        39.3065860000000     
  -7.39943700000000        39.3005860000000     
  -7.39343700000000        39.2945860000000     
  -7.39343700000000        39.2885860000000     
  -7.39343700000000        39.2825860000000     
  -7.39343700000000        39.2765860000000     
  -7.38743700000000        39.2705860000000     
  -7.38143700000000        39.2705860000000     
  -7.37543700000000        39.2645860000000     
  -7.37543700000000        39.2585860000000     
  -7.37543700000000        39.2525860000000     
  -7.38143700000000        39.2465860000000     
  -7.38743700000000        39.2405860000000     
  -7.39343700000000        39.2405860000000     
  -7.39943700000000        39.2345860000000     
  -7.39943700000000        39.2285860000000     
  -7.39343700000000        39.2225860000000     
  -7.39343700000000        39.2165860000000     
  -7.39343700000000        39.2105860000000     
  -7.39343700000000        39.2045860000000     
  -7.38743700000000        39.1985860000000     
  -7.38143700000000        39.1985860000000     
  -7.38143700000000        39.1925860000000     
  -7.38143700000000        39.1865860000000     
  -7.38143700000000        39.1805860000000     
  -7.38743700000000        39.1805860000000     
  -7.39343700000000        39.1745860000000     
  -7.39343700000000        39.1685860000000     
  -7.39343700000000        39.1625860000000     
  -7.39343700000000        39.1565860000000     
  -7.38743700000000        39.1505860000000     
  -7.38143700000000        39.1445860000000     
  -7.37543700000000        39.1385860000000     
  -7.36943700000000        39.1325860000000     
  -7.36343700000000        39.1265860000000     
  -7.35743700000000        39.1265860000000     
  -7.35143700000000        39.1205860000000     
  -7.34543700000000        39.1145860000000     
  -7.33943700000000        39.1085860000000     
  -7.33343700000000        39.1025860000000     
  -7.33343700000000        39.0965860000000     
  -7.33343700000000        39.0905860000000     
  -7.33343700000000        39.0845860000000     
  -7.33943700000000        39.0785860000000     
  -7.34543700000000        39.0725860000000     
  -7.35143700000000        39.0725860000000     
  -7.35743700000000        39.0665860000000     
  -7.35743700000000        39.0605860000000     
  -7.36343700000000        39.0545860000000     
  -7.36343700000000        39.0485860000000     
  -7.36943700000000        39.0425860000000     
  -7.36943700000000        39.0365860000000     
  -7.36943700000000        39.0305860000000     
  -7.36943700000000        39.0245860000000     
  -7.37543700000000        39.0185860000000     
  -7.37543700000000        39.0125860000000     
  -7.37543700000000        39.0065860000000     
  -7.37543700000000        39.0005860000000     
  -7.37543700000000        38.9945860000000     
  -7.36943700000000        38.9885860000000     
  -7.36943700000000        38.9825860000000     
  -7.36343700000000        38.9765860000000     
  -7.35743700000000        38.9705860000000     
  -7.35143700000000        38.9705860000000     
  -7.34543700000000        38.9705860000000     
  -7.33943700000000        38.9705860000000     
  -7.33343700000000        38.9645860000000     
  -7.33343700000000        38.9585860000000     
  -7.33343700000000        38.9525860000000     
  -7.33343700000000        38.9465860000000     
  -7.32743700000000        38.9405860000000     
  -7.32143700000000        38.9345860000000     
  -7.31543700000000        38.9345860000000     
  -7.30943700000000        38.9345860000000     
  -7.30343700000000        38.9345860000000     
  -7.29743700000000        38.9345860000000     
  -7.29143700000000        38.9285860000000     
  -7.28543700000000        38.9345860000000     
  -7.27943700000000        38.9345860000000     
  -7.27343700000000        38.9345860000000     
  -7.27343700000000        38.9285860000000     
  -7.26743700000000        38.9225860000000     
  -7.26143700000000        38.9165860000000     
  -7.25543700000000        38.9165860000000     
  -7.25543700000000        38.9105860000000     
  -7.26143700000000        38.9045860000000     
  -7.26143700000000        38.8985860000000     
  -7.26143700000000        38.8925860000000     
  -7.26743700000000        38.8865860000000     
  -7.26743700000000        38.8805860000000     
  -7.27343700000000        38.8805860000000     
  -7.27943700000000        38.8805860000000     
  -7.28543700000000        38.8805860000000     
  -7.29143700000000        38.8865860000000     
  -7.29743700000000        38.8925860000000     
  -7.30343700000000        38.8865860000000     
  -7.30943700000000        38.8865860000000     
  -7.31543700000000        38.8805860000000     
  -7.32143700000000        38.8805860000000     
  -7.32743700000000        38.8805860000000     
  -7.33343700000000        38.8805860000000     
  -7.33943700000000        38.8745860000000     
  -7.34543700000000        38.8745860000000     
  -7.35143700000000        38.8745860000000     
  -7.35743700000000        38.8805860000000     
  -7.36343700000000        38.8745860000000     
  -7.36943700000000        38.8745860000000     
  -7.37543700000000        38.8745860000000     
  -7.38143700000000        38.8745860000000     
  -7.38743700000000        38.8745860000000     
  -7.39343700000000        38.8805860000000     
  -7.39943700000000        38.8805860000000     
  -7.40543700000000        38.8745860000000     
  -7.41143700000000        38.8745860000000     
  -7.41743700000000        38.8745860000000     
  -7.42343700000000        38.8685860000000     
  -7.42343700000000        38.8625860000000     
  -7.42943700000000        38.8565860000000     
  -7.43543700000000        38.8505860000000     
  -7.43543700000000        38.8445860000000     
  -7.44143700000000        38.8445860000000     
  -7.44743700000000        38.8445860000000     
  -7.45343700000000        38.8445860000000     
  -7.45943700000000        38.8385860000000     
  -7.45943700000000        38.8325860000000     
  -7.45943700000000        38.8265860000000     
  -7.46543700000000        38.8205860000000     
  -7.46543700000000        38.8145860000000     
  -7.47143700000000        38.8085860000000     
  -7.47143700000000        38.8025860000000     
  -7.47743700000000        38.7965860000000     
  -7.48343700000000        38.7965860000000     
  -7.48943700000000        38.8025860000000     
  -7.49543700000000        38.8085860000000     
  -7.50143700000000        38.8085860000000     
  -7.50743700000000        38.8085860000000     
  -7.51343700000000        38.8085860000000     
  -7.51943700000000        38.8085860000000     
  -7.52543700000000        38.8145860000000     
  -7.52543700000000        38.8205860000000     
  -7.53143700000000        38.8265860000000     
  -7.53743700000000        38.8325860000000     
  -7.54343700000000        38.8325860000000     
  -7.54943700000000        38.8325860000000     
  -7.55543700000000        38.8385860000000     
  -7.56143700000000        38.8385860000000     
  -7.56743700000000        38.8445860000000     
  -7.57343700000000        38.8445860000000     
  -7.57943700000000        38.8505860000000     
  -7.58543700000000        38.8565860000000     
  -7.59143700000000        38.8625860000000     
  -7.59743700000000        38.8625860000000     
  -7.60343700000000        38.8685860000000     
  -7.60943700000000        38.8685860000000     
  -7.61543700000000        38.8745860000000     
  -7.62143700000000        38.8745860000000     
  -7.62743700000000        38.8805860000000     
  -7.63343700000000        38.8865860000000     
  -7.63943700000000        38.8865860000000     
  -7.64543700000000        38.8925860000000     
  -7.64543700000000        38.8985860000000     
  -7.65143700000000        38.9045860000000     
  -7.65743700000000        38.9105860000000     
  -7.66343700000000        38.9105860000000     
  -7.66943700000000        38.9105860000000     
  -7.67543700000000        38.9105860000000     
  -7.67543700000000        38.9165860000000     
  -7.67543700000000        38.9225860000000     
  -7.68143700000000        38.9285860000000     
  -7.68743700000000        38.9285860000000     
  -7.69343700000000        38.9285860000000     
  -7.69943700000000        38.9345860000000     
  -7.70543700000000        38.9345860000000     
  -7.71143700000000        38.9345860000000     
  -7.71743700000000        38.9405860000000     
  -7.72343700000000        38.9405860000000     
  -7.72343700000000        38.9465860000000     
  -7.72943700000000        38.9525860000000     
  -7.73543700000000        38.9525860000000     
  -7.74143700000000        38.9585860000000     
  -7.74743700000000        38.9585860000000     
  -7.75343700000000        38.9585860000000     
  -7.75943700000000        38.9585860000000     
  -7.76543700000000        38.9585860000000     
  -7.77143700000000        38.9525860000000     
  -7.77743700000000        38.9525860000000     
  -7.78343700000000        38.9525860000000     
  -7.78943700000000        38.9525860000000     
  -7.79543700000000        38.9525860000000     
  -7.80143700000000        38.9585860000000     
  -7.80743700000000        38.9645860000000     
  -7.81343700000000        38.9705860000000     
  -7.81943700000000        38.9705860000000     
  -7.82543700000000        38.9705860000000     
  -7.83143700000000        38.9705860000000     
  -7.83743700000000        38.9705860000000     
  -7.84343700000000        38.9705860000000     
  -7.84943700000000        38.9705860000000     
  -7.85543700000000        38.9705860000000     
  -7.85543700000000        38.9765860000000     
  -7.86143700000000        38.9825860000000     
  -7.86743700000000        38.9825860000000     
  -7.87343700000000        38.9825860000000     
  -7.87943700000000        38.9825860000000     
  -7.88543700000000        38.9825860000000     
  -7.89143700000000        38.9825860000000     
  -7.89743700000000        38.9885860000000     
  -7.90343700000000        38.9885860000000     
  -7.90943700000000        38.9885860000000     
  -7.91543700000000        38.9885860000000     
  -7.92143700000000        38.9885860000000     
  -7.92743700000000        38.9945860000000     
  -7.93343700000000        39.0005860000000     
  -7.93943700000000        39.0005860000000     
  -7.94543700000000        39.0065860000000     
  -7.95143700000000        39.0125860000000     
  -7.95743700000000        39.0125860000000     
  -7.96343700000000        39.0125860000000     
  -7.96943700000000        39.0185860000000     
 <endpolygon>
