PROJ4_STRING              : +proj=longlat +datum=WGS84 +no_defs
COMENT1                   : Grid generated by MOHID Studio
COMENT2                   : Generation Time: 9/8/2025 9:24:44 AM
LATITUDE                  : 42.51
LONGITUDE                 : -7.51
COORD_TIP                 : 4
ILB_IUB                   : 1 110
JLB_JUB                   : 1 160
ORIGIN                    : -9.11 41.41
GRID_ANGLE                : 0
CONSTANT_SPACING_X        : 1
CONSTANT_SPACING_Y        : 1
DX                        : 0.02
DY                        : 0.02
FILL_VALUE                : -99
<BeginGridData2D>
-99
-99
-99
-99
-99
-99
-99
-99
-99
-99
-99
-99
-99
-99
-99
-99
16
31
49
85
104
76
49
21
60
47
50
95
166
132
84
190
239
92
140
236
86
117
195
254
231
421
479
252
298
237
348
386
503
530
646
723
803
505
540
220
128
133
252
685
723
603
674
653
847
1229
1081
1125
1154
916
667
636
890
1044
778
753
804
803
793
834
671
418
534
565
498
495
462
362
401
493
500
435
334
267
385
405
382
188
244
298
404
591
620
477
785
955
905
721
699
520
630
608
549
441
308
308
456
275
448
426
508
608
748
609
619
662
782
667
608
553
579
609
654
708
698
710
704
711
646
611
649
683
676
693
748
729
785
791
813
793
800
786
772
729
716
715
690
747
704
684
-99
-99
-99
-99
-99
-99
-99
-99
-99
-99
-99
-99
-99
-99
-99
-99
10
20
35
87
75
80
96
86
58
129
123
52.307
100
135
240
95
221
368
157
159
94
107
149
114
171
264
443
463
285
244
338
358
457
575
685
691
739
560
332
157
275
207
159.879
357
694
819
901
732
757
940
917
918
1143
1013
764
645
792
982
763
812
890
789
710
727
436
631
651
531.5
593
671
795
475
554
562
533
420
361
356
364
352
268
208
356
415
429
644
640
740
823
1110
970
786
722
751
674
628
596
399
345
441
465
531
491
435.778
435.009
435.299
660
509
620
594
613
538.055
538.26
538.498
628
655
730
701
717
738
752
713
643
701
614.889
658
674
706
709
739
764
797
785
771
765
782
768
752
740.954
768
709.801
740
684.778
690
-99
-99
-99
-99
-99
-99
-99
-99
-99
-99
-99
-99
-99
-99
-99
-99
-99
13
36
50
62
52
153
119
70.446
105
204
129
54
160
233
263
349
274
318
230
254
176
107.134
132
162
232
232.75
438
365
336
253
323
365
435
612
782
671
569
425
504
559
266
160.127
340
586
431
485
402
440
523
910
1033
1143
980
919
698
673
967
913
890
839
752
648
622
682
533
640
635
653
661
632
618
746
862
903
642
436
394
363
336
261.278
330
515
561
471
385.999
398
648
656
708
931
1113
860
756
543
542
515
554
355.223
455
492
546
437.361
436.639
621
435.982
436.011
436.098
468
470.624
538
538.045
541
538.69
538.692
559
649
706
738
751
741
734
712
706
655.475
665
682
689
693.124
724
760
767
790
765
710
753
740.976
709.847
709.834
709.824
710.072
709.38
746
742
-99
-99
-99
-99
-99
-99
-99
-99
-99
-99
-99
-99
-99
-99
-99
-99
-99
11
25
35
10.045
52
94
251
134
205
115
89
153
132
203
160
183
267
310
283
330
109.683
109.667
120
316
234
239
317
546
416
365
359
384
499
486.631
657
573
450
362
260.541
259.748
256
191
273
281.247
448
355.498
578
696
728
1056
978
1029
881
847
858
727
846
1058
950
798
772
660
734
777
651
627
698
687
710
583
526
605
598
606
691
425
389
372
267
261.352
292.361
408
261.878
374
519
535
536
625
606
667
804
1091
828
544
469.372
463
439
459
617
586
567
459
532
516
519
436.322
550
475
488
568
613
544
538.798
647
661
600
689
705
725
760
709.543
709.333
728
712
660.766
682
731
748
762
775
786
776
777
710.036
709.88
709.866
709.854
741
763
754
774
762
732
-99
-99
-99
-99
-99
-99
-99
-99
-99
-99
-99
-99
-99
-99
-99
-99
19
9
9.75
9.908
29.547
41
56.946
168
81
205
42
98
160
207
142
133.999
133.5
141
201
261
401
113
109.848
121.558
129
401
488
371
582
373
335
395
643
643
653
641
511
701
500
364
259.691
286
304
295
287.033
342
699
702
683
661
738
807
832
917
907
919
921
758
994
849
799
802
784
737
692
753
570.376
604
551
587
383
387
415
413
504
393
285
262
306
261.439
261.419
261.415
281
261.707
372
501
575
488
505
503.439
540
600
738
683
591
614
480
663
688
710
725
573
461
542
512
436.607
467.53
490
544
476.876
509
611
613
540.847
603
649
716
704
694
726
761
766
777
737
727
661.017
660.889
707
737
758
774
799
772
710.249
710.031
710.144
740.862
750
714.729
714.731
746
769
759
749
-99
-99
-99
-99
-99
-99
-99
-99
-99
-99
-99
-99
-99
-99
-99
-99
-99
12
10.016
9.838
21
24.203
38
38.022
38.044
100
38.085
83
298
407
210
170
133.5
132.214
167
372
367
230
202
134
125.691
173
393
505
432
289
530
545
563
616
723
577
676
698
364.625
334
301
397
464
363
327
300.345
301.183
368
378
440
533
982
907
780
975
945
926
714
617.552
937
901
900
971
881
921
757
651
566
713
530
382
325
314.667
304.333
294
267
273
261.568
261.53
261.498
261.476
261.464
261.459
272
268.143
365
403
445
503
587
503.878
508
548.369
581
554
514
590
652
678
698
626
595
505
572
503
456
479
550
597
527
477.834
658
602
541.068
586
688
653
680
706
694.555
751
799
791
777
739
661.087
661.072
661.058
683
753
765
762
741.39
741.186
710.514
710.136
778
775
714.736
755
714.733
781
767
738
-99
-99
-99
-99
-99
-99
-99
-99
-99
-99
-99
-99
-99
-99
-99
-99
13
44
65
45
98
88
169
58.961
59.667
38.074
38.095
38.115
47
71
101
138
154
129
150
201
460
517
390
324
266
171.279
171.333
171.388
171.541
294
463
587
739
849
782
717
749
628
418
430
451
584
522
346.994
533
458
549
304.95
306.431
307.901
309.358
341.8
776
787
1093
1031
936
921
657
607
870
1003
1011
1011
961
912
759
669
648
590
529
478
388
377
379
305
261.662
261.618
336
292.546
261.521
292.504
350
394
427
336
416
502
568
728
581
564
576
644
520
543
594
654
601
550.243
539.002
542
519
559
527
463.114
462.554
527
589
567
485.911
501
640
541.119
541.324
658
654
740
727
735
762
788
795
761
693
704
731
732
664.029
741
770
801
780
720
743.005
769
790
783
790
761
716.186
745.895
762
770
-99
-99
-99
-99
-99
-99
-99
-99
-99
-99
-99
-99
-99
-99
-99
-99
22
194
132
86
133
286
180
213
63
38.089
64
62
38.148
38.167
98
81
61
69
193
172
289
435
526
382
427
356
171.445
171.349
193
248
317
338
574
597
436
752
777
671
560
647
785
487
925
414
896
909
811
417
351
620
366
370
342.522
471
702
820
814
719
578.4
580.873
593
678
842
1128
965
903
876
660
721
657
456
333
384
283.105
261.801
261.745
261.694
276
342
294
261.553
340
360
467
487
478
379
521
619
687
708
661
643
654
618
618
578
657
654
601
600
534
603
597
530
463.738
509
566
600
598
609
548.099
633
586
613
699
780
733
767
793
784
793
783
718
700
700
765
764
680
667
787
750
721
720.572
743.423
790
792
791
784
773
749
718
756
765
-99
-99
-99
-99
-99
-99
-99
-99
-99
-99
-99
-99
-99
-99
-99
10.652
209
207
205
213
261
337
354
111
74
38.106
60.167
298
82
68.144
38.801
39.289
39.774
87
122
212
285
357
356
455
423
225
204
189
230
328
265.511
276
317
385
415
409
619
613
717
752
858
772
940
819
1050
1003
959
764
371
497
508
568
547
343.196
343.523
380
555
562.5
585.5
656
585
677
452
936
1003
871
826
741
733
521
509
412
320
332
405
378
314
334
321
292.597
295
263
337
520
554
563
528
631
678
790
739
701
675
591
589.639
588.278
646
649
701
705
636
558
596
641
529
463.879
579
634
645
676
660
549.324
662
769
621
618.003
625.494
699
760
776
789
785
773
720
782
719
774
809
789
691
682.01
691.42
722
743.945
794
803
782
806
783
694
657
728
741
736
-99
-99
-99
-99
-99
-99
-99
-99
-99
-99
-99
-99
-99
-99
-99
14
63
82
101
61
170
278
337
273
204
108
103
220
190
59
39.46
39.691
39.367
39.419
39.687
82
106
114
189
257
143
319
299
368
356
442
473
496
378
337
354
606
687
743
953
986
1113
1058
993
959
1097
961
674
436
489
555
670
518.501
633
611
343.803
440
760
696
645
734
418
561
347
672
745
892
899
900
820
752
527
468
451
413
422
429
322.894
401
361
325
293.737
263.073
277
304
386
479
602
556
649
633
735
738
751
732
610
730
616
712
763
735
825
749
615
665
644
539
570
618
653
709
672
550.549
671
679
710
638
675
714
757
735
747
775
799
781
783
745
810
788
765
693
753
735
724
774.127
807
809
751.184
750.095
749.554
799
647.161
646.81
645.785
640
-99
-99
-99
-99
-99
-99
-99
-99
-99
-99
-99
-99
-99
-99
-99
22
54
39.754
40.102
40.626
148
324
167
105
176
220
167
157
218
55
107
39.609
68.4
68.346
39.889
39.819
41.017
42.575
44.047
45.302
150
318
360
539
492
516
635
478
347.55
456
616
622
820
1004
989
1000
1023
974
865
1057
927
902
801
575
719
514.02
560
747
521.136
774
813
344.316
538
553
517
532
414
346.333
346.488
346.68
526
741
871
903
836
622
471
475
509
465
478
449
323.673
324.327
370
345
294.585
263.879
317
299.553
483
468
605
475
576
686
730
635
803
845
752
782
665
742
759
872
858
795
722
699
604
593
589.278
622
674
630
551.59
551.775
585
670
680
662
641.332
763
676
702
702.375
769
768
771
779
802
826
817
738
750
821
783
784
830
779.241
768.734
780
812
839
660
755
771
747
655
-99
-99
-99
-99
-99
-99
-99
-99
-99
-99
-99
-99
-99
-99
10
57
99
39.58
59
40.467
41.464
42.518
45.759
49
61
66.243
144
133
181
117
147
52.413
163
68.548
40.002
59
114
147
162
53
47.758
215
392
211
445
518
566
508
356
401
571
747
1025
1201
1103
906
889
846
837.018
984
942
948
683
639
647
627
733
935
678
597
840
690
344.711
344.988
345.274
345.553
345.807
346.003
469
532
427
790
896
831
838
693
510
556
581
560
589
371
366
324.151
434
388
351
263.888
264.111
265.72
267.118
288
351
438
429
457
521
674
794
991
1043
933
838
813
831
826
911
861
824
703
708
671
717
595.639
662
674
552.24
584
650
682
734
729
674
669
672.63
789
768
703
734
774
815
836
859
772
757
740
797
805
844
806
840
844
818
705
699
749
762
743
742
660
-99
-99
-99
-99
-99
-99
-99
-99
-99
-99
-99
-99
-99
-99
19
15
49
38
112
90
110
318
251
256
75
136
168
175
125
212
180
137
252
111
40.11
40.153
61
460
403
150
214
114
137.962
324
232
305.166
308.368
580
828
802
806
873
778
757
808
829
735
847
825
948
1044
847
881
725
851
754
846
945
911
693
764
716
556
593
458
345.406
345.591
356.705
582
616
519
643
832
831
817
623
633
640
668
641
629
399
408
356
368
412
327
264.186
331
350
454
570
333.278
339.913
427
446
551
736
868
1005
1181
901
1033
856
828
860
878
772.735
763
736
740
737
602
598.702
723
672
626
576
643
699
740
754
800
752
735
797
799
781
724
824
884
861
846
825
809
817
823
813
781
704
745
699.792
699.596
699.414
759
767
741
679
672
739
-99
-99
-99
-99
-99
-99
-99
-99
-99
-99
-99
-99
-99
-99
17
37
23
26
38
95
194
451
424
343
92
131
196
370
141
141
220
398
284
116
40.174
127
40.303
188
426
506
596
406
644
723
720
417
310.131
312.871
316.072
336
442
629
449.077
598
652
701
660
668
823
892
1045
1161
1126
1087
998
859
970
918
878
759
745
726
523.739
517
592
564
355.034
351.499
541
599
622
599
847
831
834
782
757
734
691
632
455
472
358
446
362.662
436
398
355
279.349
287.08
462
558
564
473
467
601
676
805
777
816
888
1006
1056
751
719.721
715.993
789
831
838
805
792
639
674
599.975
726
710
611
578.29
644
613
804
769
832
892
842
846
830
804
747
798
834
833
844
844
842
827
794
769
804
715
700.181
700
732
761
751
746
695
794
732
706
-99
-99
-99
-99
-99
-99
-99
-99
-99
-99
-99
-99
-99
48
9
-99
1
1.587
2.09
2.383
36
173
83
393
162
510
254
349
254
385
275
222
384
320
155
116
218
60
67.112
338
411
679
802
813
535
343
311.087
408
581
389
448
445.754
459
450.794
452.224
496
761
799
714.927
743
868
999
1171
1199
1087
969
996
953
868
752.772
842
642
647
535
522.919
706
530
490
354.649
409
426
360.06
359.987
801
862
777
819
796
710
649
708
619
494
556
467
464
504
448
452
286.968
470
585
655
638
548
654
808
697
885
942
1041
1195
1008
900
788
725.951
715.783
756
825
825
735
747
662
603.997
638
717
698
590
585.617
645
705
755
733
785
809
851
841
787
804
833
847
824
797
802
822
824
772
750
757
700.587
700.404
711
700.031
768
815
797
769
717
717
761
-99
-99
-99
-99
-99
-99
-99
-99
-99
-99
-99
-99
10
186
102
40
18
108
116
3
3.016
3.058
34
72
52
470
181
82
111
440
547
467
498
409
332
295
478
364
259
79
128
434
691
888
568
755
721
445
887
788
721
706
670
452.982
560
454.525
626
930
939
765
756.766
825
936
1014
1034
1015
1046
973
931
844
771
917
959
740
571
525.667
605
483
357.173
414
359.5
359.577
359.45
359.612
542
631
707
815
663.041
631.998
631.943
724
674
691
541
465.335
561
529
515
447
560
504.278
498.913
619
653
708
675.5
704
750
883
876.637
1020
1188
1061
789
772
710
723
717
784
797
732
604.622
715
758
699
711
639
622
612.745
704
704.374
745
811
818
866
845
840
849
840
785.491
781
762
750.213
766
779
774
730
701
771
780
817
826
721
820
789
818
744
736
703
-99
-99
-99
-99
-99
-99
-99
-99
-99
-99
-99
-99
46
251
367
231
27.787
225
109
68
38
31
3.119
3.142
27
140
25
126
251
386
336
557
622
421
159
414
627
629
560
368
357
255
312.5
403
500
600
883
515
1056
1177
1136
749
970
873
458
601
617
948
1119
992
933
901
826.252
827
828
829
861
1109
950
873
780.5
853
999
878
588
528.833
543
679
498
357.873
452
359.295
359.317
359.422
359.611
642
714
760
770
682
632.05
728
750
703
653
487
465.383
551
599
479
486
493.811
611
721
734
812
867
805
764
866
903.362
1108
1095
919
820
734
677
658.852
658.831
658.803
746
658.724
667
747
759
695
632.032
631.437
650.182
670
719
741
747
844
821
890
877
859
845
786.023
837
852
809
791
738
761
730.675
742
739
794
867
842
792
771
763
842
800
738
757
721
-99
-99
-99
-99
-99
-99
-99
-99
-99
-99
-99
-99
87
370
457
339
153
367
170
124
87
3.145
59
3.285
-99
4.272
13
102
307
276
253
350
484
143
149
590
566
600
663
759
726
707
594
555
522
646
829
1065
1034
1389
1275
1064
1009
1078
806
745
609.881
646
927
1145
1057
996
918
916
896
863
829.953
860.971
868
848
790
871
915
915
625
532
606
527
640
439
359.056
360.177
359.334
359.467
359.463
561
691
829
858
842
740
632.185
666.109
697
647
661
485.222
600
619
488
574
493.022
494.352
712
765
810
822
905
913
965
1023
1021
1050
920
844
756
753
740
707
658.831
658.799
658.78
659.701
759
778
738
653
631.702
669
687.883
705
793
787
845
844
879
874
879
885
865
827
811
757
732
731.602
731.252
730.976
795
786
891
887
809
824
873
891
859
871
757
739
772
-99
-99
-99
-99
-99
-99
-99
-99
-99
-99
-99
-99
48
227
443
235
177
139
230
206
197
356
204
3.77
53
54
9.117
13.166
20.16
26.145
52
115
275
383
43.455
203
475
579
348
510
488
582
760
898
920
591.277
595.171
830
809
1311
1221
1309
1360
1227
1008
843
917
674
717
886
1064
1082
1059
1152
1046
955
856
923
910
909
920
839
936
941
811
647
770
672
570
651
484
359.22
360.107
359.728
359.793
418
519
633
713
911
858
735
718
671
545
485.475
485.367
485.337
621
655
623
664
494.164
602.574
750
735
725
836
974
862
867
814
991
930
768
680
745
783
689.904
658.873
658.843
658.823
690.067
717
733
741
690
709
650
710
690.942
691.341
691.48
780
833
850
881
881
836
832
775
765.762
771
805
769
769
744
814
889
916
857
867
898
864
794.815
793.933
793
829
843
731
-99
-99
-99
-99
-99
-99
-99
-99
-99
-99
-99
-99
25
33.604
35.434
35.976
80
133
264
664
765
496
115
11.885
363
47
59
290
134
84
37
40.71
41.743
42.775
44
173
150
155
237
119.278
179
535
823
799
1202
1046
941
710
845
1042
1051
1097
1295
1302
1095
1018
883
684
847
1040
894
897
968
1066
1173
1062
979
926
997
998
1021
954
910
938
988
966
899
779
673
628
732
395
389
360.498
360.153
480
650
591
631
788
862
831
810
824
693
485.394
656
599
485.35
706
702
647
494.254
661
613.911
614.627
742
746
844
756
746.105
882
1037
903
778
706
665
658.979
658.937
658.901
658.872
658.852
712
830
809
761
756
728
657.448
694
692.417
691.712
772
839
767
790.892
843
842
828
816
790
815
821
800.277
769.222
813
778
784
814.626
886
941
883
797
796.067
866
921
817
764
749
726
-99
-99
-99
-99
-99
-99
-99
-99
-99
-99
-99
-99
89
64
139
198
122
256
572
734
773
522
157
20
251
59
227
458
664
546
432
214
99
154
42.873
42.898
43.114
116
118.244
118.722
118.863
236
455
682
946
1086
907
1108
781
759
1017
1121
1247
1462
1185
1147
998
837
1096
1145
1007
1090
936.277
936.548
936.605
936.622
1045
995
974
1111
1081
1012
895
969
922
851
863
881
784
546
455
428
360.558
360.637
360.422
360.44
360.566
616
724
821
865
921
773
610.045
579
500
713
737
592
742
803
670
862
687
654
618.302
616.221
661
662.122
740
782
845
952
831
764
771
659.487
658.937
658.925
689.904
658.883
689.867
762
852
836
867
759
764
685
745
766
724
706
714
748
808
840
835
827
827
840
790.083
790.248734545675
818
789
820
786
867
861
816
817
812
863
943
799
769.244
767
714
737
728
-99
-99
-99
-99
-99
-99
-99
-99
-99
-99
-99
-99
87
287
157
148
252
379
573
661
529
568
292
209
473
115
175
532
723
677
497
463
392
280
42.947
170
80
290
398
361
151.974
170
414
683
702
945
673
838
883
601.182
785
1074
1252
1210
1149
1280
1013
963
1070
1161
1199
1309
1125
961
1024
991
950.311
999
971
898.602
890
856
826
806
777
823
852
834
716
710
596
360.827
360.715
360.71
360.609
360.539
360.623
753
960
984
929
744
668
745
673
603.222
741
829
667
708
730
738
796
796
636
720
846
768
662.878
664
686.5
709
801
958
854
820
819
659.191
659.13
689.897
658.884
659.15
690.141
762
857
870
871
788
745
708.277
790
813
762
765
824
845
829
824.911
793.657
792.348
790.166
790.123
854
845
835
853
864
858
861
854
890
1022
966
879
877
844
773
738
693
685
-99
-99
-99
-99
-99
-99
-99
-99
-99
-99
-99
-99
14
182
1.277
28
149
380
411
205
461
385
307
193
328
262
582
448
712
823
458
277
95
43.177
43.175
146
337
315
556
680
381
161.978
162.609
250
352
548
354.848
808
975
631
564
669
967
929
1119
1288
1253
1121
1251
1194
1310
1204
1349
1133
1110
1208
990
1040
1168
1002
913
825
747
716
766
640
847
788
770
812
545
460
360.906
360.665
498
554
360.853
555
787
843
740.87
739
793
618.74
607.532
607.396
638.42
801
755
667.086
667.089
667.092
667.541
819
770
920
893
899
676
789
888
692.896
799
854
907
849
808
745
659.174
659.695
689.882
659.349
698
700
783
767
837
760.653
770
712.473
752
840
813
830
838
871
821.21
819
799
859
854
885
904
961
934
936
889
917
986
1002
961
984
948
954
969
799
738
725
778
815
-99
-99
-99
-99
-99
-99
-99
-99
-99
-99
-99
6.486
6
-99
1
1.331
179
80.452
86
100.209
103.238
136
144.973
214
276
371
514
513
547
687
610
558
277
113
43.332
230
190
276
478
615
496
506
359
534
489
354.58
355.744
356.954
526
563
406
727
722
694
995
1030
1214
1230
1197
1347
1208
961
1229
1389
1268
1162
1130
1091
1194
1510
990
898
727.27
734
578
577
576
524
476
579
614
396
360.888
360.976
483
580
616
525
691
833
845
815
644
753
727
638.407
630.277
698.211
667.154
667.124
667.111
698.106
808
830
918
926
1030
1037
787
775.277
874
765
723
902
848.5
912
886
798
659.363
784
667
677
737
679.055
762
777
900
877
745.005
714.997
716.968
720
782
782.277
874
842
841.573
871
893
907
975
1093
1073
1051
1119
1041
1126
963
975
994
897
847
975
936
822
817
823
765
776
795
-99
-99
-99
-99
-99
-99
-99
-99
-99
-99
-99
-99
35
-99
-99
51
143
73
157
413
360
239
205
218
251
310
308
518
495
485
607
446
124
57.537
229
354
408
522
586
702
973
978
597
649
440
621
848
495
359.421
360.086
426
418.523
458
693
756
1039
994
977
982
979
922
856
892
1114
1007
1054
1034
1159
1046
1363
1342
964
791
735
704
620
630
613
642
457
589
485
361.03
360.937
465
667
638
617
639
736
831
980
726
840
801
837
633.896
785
729
729.49
760.222
763
860
920
1035
1090
1052
796.457
781.782
809
869
910
810
816
928
915
953
884
660.169
667
786
777
679.051
797
680.549
843
757.341
732.7
731.648
746.614
834
853
880
846
921
914
870
1002
1139
1080
1043
1041
1036
966
925
896
876.113
872
845
814
806
784
762
752
738
813
831
819
767
735
-99
-99
-99
-99
-99
-99
-99
-99
-99
-99
-99
51
115
23
3
-99
-99
2.386
147
487
519
253
222
270
216.5
224
268
291
361
548
641
532
168
70
291
616
676
555
769
1057
1245
1101
890
831
640
673
918
633
467
362
461
421.851
464
665
649
858
801
823
828.234
829.35
829.681
829.813
852
852.75
853.5
854.25
855
923
914
1050
1163
1190
864
705
786
706
643
633
628
506
390
394
400
361.137
378
585
602
676
703
831
900
947
947
890
839
774
634.21
854
799
729.111
760.142
918
1074
1070
1062
1142
943
796.501
788.314
956
952
1003
851
1030
959
914.427
914
972
952
910
772
784
735
845
682
825
799
781
779
834
958
1031
1128
1016
1127
1029
904
889
875
880
865
832
952
995
909
883
913
982
904
1009
878
810
830
806
805
726.18
726.11
754
745
759
-99
-99
-99
-99
-99
-99
-99
-99
-99
-99
-99
212
157
39
19
98
24
24.277
2.981
377
335
165
179
215
359
340
416
580
404
603
650
400
130
140
130
278
533
659
714
878
1236
1206
809
725.17
955
640.277
894
745
432
603
572
596
421.972
577
691
697
743
868
977
889
911
876
903
1075
1015
1037
961
1058
887
796
814
968
1045
799
771
777
759
658
714
661
427
386.869
385
363.424
373
470
583
686
781
724
791
793
695.507
699
692.872
692
708
666
771
729.333
729.123
780
871.165
872.083
904
945
837
848
839
952
1117
1062
961
1020
1288
1106
1035
1041
1011
800.181
848
780
793
848
758
832
881
839
779.89
1062
912
973
907
873
841
840.5
840
822
820
926
986
846
817
845
830
819
821.99
842
844
850
811
809
776
804
803
765
727
725
700
696
-99
-99
-99
-99
-99
-99
-99
-99
-99
-99
-99
103
427
150
40
170
45
3.462
3.405
49
68
60
81
17
162
409
571
541
591
616
733
611
499
633
509
256
561
789
1011
1231
1265
1153
835
828
888
1028
721
791
591
881
864
707
571
526
599.607
599.772
609.705
656
866
893
882
899
961
1037
1136
1104
1119
1083
1068
876
794
738
753
835
831
873
839
742
758
663
387.363
494
566
365.712
425
463
613
811
849
795
726
702
694.702
694.334
737
713.689
679
675.311
822
884
863
808
962
872.083
896
986
902
943
867
887.326
899.91
933.596
1139
993.734
1292
1242
1221
1264
1086
800.408
878
892
856
760
790.432
891
968
879
952
946
981
928
939
937
995
984
915
902
832
800.442
800.277
827
793.01
800
787.667
796
849
828
816
804
806
793
752
741
778
789
743
787
761
767
-99
-99
-99
-99
-99
-99
-99
-99
-99
-99
-99
157
445
378
71
319
139
4
3.687
-99
4.144
4.231
4.304
23
20.758
167
390
770
699
441
431
247
435
611
634
677
429
315
669
869
1173
1180
1023
1046
861.287
1098
897
751
860
1091
899
992
737
591
775
654
600.049
609.444
609.306
995
936
851
856
910
941
916
848
802
812
785
793
803
737
799
791
845
932
852
714
571
582
627
425
368
418
480
590
898
1028
865
841
816
885
694.498
842
698
710
766
972
1087
1018
993
887
954
872.183
904
1001
1026
1180
1024
899.741
1069
1320
1243
1329
1383
1336
1323
1024
834
1020
964
819
862
936
955
994
1027
924
982
1037
1016
979
921
889.017
886
842.698
800.544
800.398
800.277
800.165
800
830
788
830
787.456
805
766
737.165
737
724
721
707
704
702
698
697.534
697.093
727.717
754
-99
-99
-99
-99
-99
-99
-99
-99
-99
-99
-99
-99
301
449
234
256
257
50
86
10
36
27
4.363
29.221
79
252
506
292
465
182
80
160
425
520
659
435
153
384
572
836
952
1045
1135
1011
1099
1073
949
773
1092
1137
1069
1141
878
612
798
771
783
600.326
600.492
640.021
851
780
771
941
968
904
734
839
805
759
607.812
607.755
656
762
743
730
818
838
767
593.095
634
549
410
385
441
501
690
973
936
836
787
746
741
703.863
732
700
818
832
908.421
908.488
908.561
993
1023
936
1075
1152
1014
1083
1241
1081
901.078
1152
1559
1522
1403
1507
1444
1168
1295
1064
906
1029
999
911
1023
1071
981
1018
917
873.89
895
907
907
857.733
857.564
844.766
846
896
884
859
830
808
804
827
787.544
832
787
746
737.277
737
735
781
778
772
704
745
760
710
696.466
696
-99
-99
-99
-99
-99
-99
-99
-99
-99
-99
-99
65
580
454
381
264
353
155
13
126
55
28
4.456
34
108
392
328
95
115
126
32
107
287
529
586
268
114.314
146
398
690
651
882
924
1141
893
1003
1035
856
1031
1137
1265
1242
940
839
842
750
610
776
878
600.769
600.934
601.099
638.828
608.374
694
695
756
666
768
708
638.24
607.544
607.496
644
681
626
754
846
851
849
1047
761
390
643
568
619
744
1032
1033
1016
919
912
994
780
778
792
881
823
1051
1043
1025
919.817
924.744
967
1056
1338
1151
1371
1210
980
1253
1355
1608
1602
1552
1461
1416
1143
974
924
997
1095
1125
1064
992
966
1026
877.468
876.042
872.162
888
864
857.753
875
903
906
910
938
903
905
894
866
813
802
823
835
806
810
802
798
787
780
768
746
777
773
771
765
764
762
-99
-99
-99
-99
-99
-99
-99
-99
-99
-99
-99
26
289
479
529
399
240
84
16
197
58
193
4.624
4.739
46
162
66
46
161
134
26.219
89
197
286
334
195
71.664
289
226
330
485
577
628
748
840
887
1058
929
1151
1237
1315
1288
1063
1095
981
737
804
845
1019
923
805
705
601.376
601.541
638.027
637.756
637.895
637.532
607.61
637.693
637.657
607.338
607.281
641
607.494
642
715
830
831
905
697
577
713
501
604
811
906
1147
1185
1055
942
929
791
779.109
860
785.766
882
907
971
1046
962
1022
988
1006
1028
1083
1321
1157
1079
1006.97
1027
1103.71
1280
1527
1410
1211
1080
1029
1068
933
929.638
934
987
996
933
891
879.087
913
947
938
870.455
935
942
932
946
989
985
954
924
901
872
843
806
850
865
835
823
810
806
795
784
743.814
743.494
742
777
771
762
749
759
699
-99
-99
-99
-99
-99
-99
-99
-99
-99
-99
-99
191
219
519
326
429
348
389
330
307
136
281
79
5.119
4.796
8
12
20.728
21.319
24
28
95
94
79
84
70
73
219
430
605
546
526
596
876
1112
1092
936
1109
1082
1173
1219
1208
1114
1038
961
834
902
925
1062
1015
933
820
663
638.106
601.818
607.852
607.713
607.579
602.702
602.868
603.033
603.198
603.363
603.528
607.011
647
673
821
813
643
758
507.416
506
635
714
728
892
1154
953
1024
1090
928
931
990
941
895
902
952
967
1041
1100
1133
1252
1319
1319
1228
1591
1520
1096
1319
1489
1207
1495
1678
1618
1641
1562
1426
1342
1041
956
940
894.067
895
893.506
952
981
1028
993
985
1003
1120
1040
965
901
880.165
880
889
844.859
844.692
843.912
861
845
858
842
822
818
805
771
749
747.063
763
752
760
710
708
738
701
700.351
706
-99
-99
-99
-99
-99
-99
-99
-99
-99
-99
-99
340
433
518
241
186
358
440
275
464
475
518
234
6
40
154
131
77
30
22.311
23.871
25.413
25.743
25.841
43
45.987
46.627
51
102
221
378
282
469
689
772
1064
745
1099
1041
1220
1207
1028
1016
1060
980
969
882
801
806
857
878
819
671
608.055
607.901
602.095
602.26
602.426
637.244
637.232
637.218
701
676
637.954
607.007
608
696
842
740
670
521
511
735
603
720
908
1028
972
922.208
921.165
901
951
882
940
1067
1006
998
908
969
984
1302
1434
1401
1299
1073
1157
1390
1599
1519
1483
1651
1445
1698
1769
1837
1726
1698
1547
1420
1091
987
964
928
893.854
954
985
1029
1202
1105
963.491
963.232
962.929
962.607
962.277
972
945
911
872
883
871
846
844.232
859
834
781
770
760
751.359
751.219
819
828
857
803
774
715
703
702.205
712
763
821
-99
-99
-99
-99
-99
-99
-99
-99
-99
-99
-99
67
252
164
58
111
47
43
76
222
429
383
39
6.445
39.555
100
143
83
58
48
34
118
37
72
218
185
106
161
173
104.738
106.242
108
231
382
688
852
568
819
682
938
918
829
740
943
896
871
904
768
692
739
776
747
614
654
642
682
697
637.274
604.908
605.073
606.917
606.786
667
669
655
692
749
853
841
633
627
790
897
907
968
1159
1120
1012
1166
971
982
891.5
930
863
897
946
1035
1214
928
886
1074
1450
1022.45
1019.76
1214
1098.07
1113
1425
1628
1607
1513
1629
1826
1679
1644
1775
1608
1390
1395
1231
1099
1039
990
897
1025
1117
1373
1091
964
963.67
1044
1089
962.786
1064
1182
1006
938
904
924
891
919
887
874
830
804
785
810
804
753
881
839
844
761
730
721
784
705
751
757
806
-99
-99
-99
-99
-99
-99
-99
-99
-99
-99
-99
-99
85
-99
-99
41
70
39.64
145
357
486
261
89
6.484
6.516
97
237
86
185
75
34.92
92
83
177
289
221
246
508
320
228
106
106.497
107.058
437
507
462
511
580
499
703
554
610
803
758
709
751
831
758
585
687
814
809
685
684
750
778
793
655
637.289
637.253
605.349
606.663
606.519
637.151
655
875
888
917
812
848
717
839
820.707
1171
1151
1197
1211
1210
1025
1147
1019
1064
1283
1176
843
731
706
851
798
746.614
990
1096
988.277
1347
1382
1269
1122
1389
1617
1657
1626
1538
1738
1686
1575
1509
1304
1057
1038.2
1019.41
1000.61
999.983
1010
1013
983
1193
1170
1061
984
1048
1070
1077
1034
1037
1104
1057
1003
992
985
918
931
944
895
844
819
790
776
772
898
891
805
778.001
801
833
844
780
731
731
926
754
-99
-99
-99
-99
-99
-99
-99
-99
-99
-99
-99
-99
-99
-99
-99
38
39.285
254
145
370
579
500
157
6.493
6.507
185
399
375
131
36
35.782
127
124
178
447
430
466
675
701
358
153
293
137
107.125
107.337
204
244
412
285
295
363
537
763
686
606
690
747
622
498
480
636
706
806
761
820
833
666
637.374
607.11
606.945
606.781
605.626
605.791
605.956
606.121
685
924
938
748.165
748
818
1094
1293
1263
1341
1371
1345
1226
1297
1022
1298
1439
1430
1266
898
687
1015
993
744.849
745.691
865
788
927
1240
1354
1433
1218
1144
1259
1417
1618
1429
1628
1685
1636
1624
1664
1198
1446
1264
1142
1195
1128
1055
1118
1034
1111
1075
1066
1115
1256
1102
1097
1106
1278
1162
1210
1086
1043
986
993
963
885
846
835
855
848
851
909
880
896
843
826
804
790.028
796
829
820
771
743
-99
-99
-99
-99
-99
-99
-99
-99
-99
-99
-99
-99
-99
-99
4.424
148
275
283
369
267
308
385
225
92
8
120
322
374
116
36.852
36.506
94
101.5
109
175
328
662
801
752
435
205
145
332
200
233
107.405
182.499
408
182.694
182.744
412
714
873
716
533
675
682
526
368
480
515
582
797
713
816
759
759
728
734
606.975
637.158
637.106
637.077
637.08
644
701
825
748
912
774
860
1189
1301
1193
1277
1198
1385
1211
1127
1438
1452
1235
1146
1053
1329
998
681.862
974
840
735
790
776
962
1221
1313
1508
1535
1420
1403
1341
1359.5
1378
1549
1577
1612
1689
1717
1328
1715
1580
1690
1567
1199
1196
1146
1157
1364
1109
1130
1266
1326
1226
1242
1266
1091
1049
1047.24
1045.74
1129
1133
1156
962
957
959
937
944
950
921
915
910
888
859
877
881
885
844
836
822
753
816
-99
-99
-99
-99
-99
-99
-99
-99
-99
-99
-99
-99
-99
-99
-99
73
241
115
301
173
223
370
382
75
14
222
248
72
38
37.384
69.919
110
113.785
292
383
424
624
663
599
362
200
317
481
315
515
404
107.683
182.649
182.754
182.865
434
618
504
391
409
444
447
504
397
358.013
535
595
575
480
486.753
517.828
569
547
734
708
718
642
637.078
649
720
543
629
928
884
1052
835
986
1378
1021
1060
1144
1520
1390
1232
1562
1260.36
1226
1408
1401
1147
1121
950
677.026
914
675.142
732
806
966
1040
1261
1439
1359
1497
1503
1544
1591
1457
1509
1847
1898
1788
1484
1691
1761
1737
1585
1305
1247
1213
1452
1609
1225
1430
1313
1710
1857
1764
1394
1486
1370
1195
1281
1109
1156
1101
1044
1050
1042
1012
949
914
878
866
861.522
878
897
857
883
869
855
847
807
766
798
871
-99
-99
-99
-99
-99
-99
-99
-99
-99
-99
-99
-99
-99
-99
-99
4
22
18
74
106
114
213
291
157
115
101
380
255
233
37.486
152
323
207
361
279
352
414
549
768
637
545
450
550
465
512
290
107.875
296
265
469
418
471
432
333
307.318
350
356.707
357.563
357.746
385
374.931
396
474
535
517.954
486.879
488.405
489.932
493
593
803
738
686
653
524
562
654
834
992
1291
1268
1391
1260
961
1462
1275
1501
1677
1512
1404
1416
1452
1300
1322
1384
1313
1156
792
672.773
707
822
881
1115
1252
1258
1205
1270
1411
1281
1410
1603
1698
1465.32
1830
1935
1763
1642
1689
1905
1912
1703
1854
1578
1578
1801
1779
1699
1604
1789
1957
1968
1511
1802
1775
1718
1751
1625
1429
1391
1357
1145
1176
1036
930
922
949
908
893
900
859.666
858.856
893
842
823
807.398
807.277
808
810
856
864
-99
-99
-99
-99
-99
-99
-99
-99
-99
-99
-99
-99
-99
-99
-99
-99
-99
45
31
9.256
9.472
140
220
327
163
147
458
324
142
42.378
46
149
152.358
188
319
291
380
521
737
819
540
555
638
506
584
231
186.268
108.151
399
277
351
390
306.598
306.876
311
361
359
424
405
435
542
539
610
535
640
576
563
624
493.089
493.055
597
613
573
494.63
538
576
603
725
913
1111
1425
1242
1082
958.772
1324
1426
1100
1240
1279
1683
1586
1376
1378
1317
1216
1043
896
861
669.739
734
902
1039
1186
1088
953
1195
1246
1176
1123
1337
1488
1666
1472
1755
1651
1807
1783
1654.25
1969
1865
1516
1798
1743
1883
1750
1543
1559
1742
1573
1417
1252
1226
1536
1256
1288
1313
1209
1152
1182
1340
1423
1321
994
1117
1069
979
920
955
926
966
953
879
869
859
854
835
807
874
951
830
-99
-99
-99
-99
-99
-99
-99
-99
-99
-99
-99
-99
-99
-99
-99
-99
-99
-99
-99
12
104
234
260
306
201
176
471
687
239
95
124
189
154.643
153.922
156.562
158.147
276
398
724
810
680
627
907
695
611
591
272
218
108.428
283
520
403
306.222
408
420
420
393
396
443
422
382
439
472
368
440
513
622
581
562
622
493.328
493.758
494.187
510
550
571
583
737
973
1173
1228
1084
1236
1185
956
1153
1047
1042
1225
1501
1625
1597
1294
1246
1008
865
796
665.183
873
1010
1093
1043
988
988
906.076
907
934
961
988
1113
1302
1299.8
1641
1407
1738
1972
1764
2014
2017
1882
1575
1260
1337
1318
1431
1417
1253
1269
1558
1649
1501
1332
1138
1220
1095
1067.26
1067.25
1067.22
1067.1
1066.56
1216
1171
1027
1328
1111
995
1114
959
989
922
856
849
838
836
831
804
919
836
824
807
-99
-99
-99
-99
-99
-99
-99
-99
-99
-99
-99
-99
96
15
66
55
-99
-99
-99
-99
5
35
245
402
120
120
340
422
362
107.922
234
209
263
306
279
161
293
343
516
769
843
739
884
781
540
434
212.341
211.977
108.624
525
596
405
303.895
348
407
484
514
539
529
457
357.348
378
421
312
304
315
333
427
520
679
662
627
510
497
507
520
680
931
1029
1005
1036
1026
1063
1164
1082
950.5
960
1141
1324
1583
1741
1525
1217
1028
921
861
787
661
782
963
898
931
988
904.761
972
1032
1072
1116
994
1041
1213
1314
1314
1422
1600
1533
1721
1709
1677
1399
1265
1174.03
1173.64
1172.67
1169.4
1154.16
1035
993
1317
1256
1198
1145
1196
1103
1202
1232
1308
1417
1168
1068
1066
1064
1406
1354
1108
1062
1023
996
881
851
856
879
833
798.643
802
773.968
768
764.811
763.508
765
-99
-99
-99
-99
-99
-99
-99
-99
-99
-99
-99
-99
162
156
4
89
34
117
47
-99
-99
-99
58
267
80
65.978
292
333
333
209
466
315
382
523
585
339
463
553
418
494
698
964
995
815
686
378
280
108.77
108.828
344
243.165
301
390
394
446
405
527
464
472
437
352
364
283
245
298
366
392
413
483
600
670
654
645
526
515
623
950
951
947
898
921
913
976
1180
1122
1105
945
914
1218
1298
1443
1405
1284
1033
955
832
875
1018
632.489
913
724
917
1053
903.674
968
1061
1133
1169
1283
1134
1188
1308
1537
1789
1720
1221
1284
1877
1520
1254.34
1248
1318
1323
1327
1354
1226
1123
990.128
989
1157
1426
1264
1145
1394
1440
1525
1316
1216.284
1245
1110
1393
1501
1389
1287
1094
942
899
887
889
862
846
836
824
811
793
791
784
806
798
761
-99
-99
-99
-99
-99
-99
-99
-99
-99
-99
-99
-99
-99
-99
53
155
198
404
93
132
321
164
135
-99
-99
67.892
205
333
233
211
321
329
546
707
767
430
648
823
693
587
602
824
1088
752
524
521
296
315
211.889
109.1
109.175
109.261
255
384
299
406
348
335
477
375
322
214.391
214.508
311
300
337
376
408
451
631
756
677
626
561
642
940
961
905
876.15
846
922
885
925
1192
1093
943
866
838
1154
1237
1210
1133
981
807
559
611
812
711
657
602
615
836
962
902.381
954
1160
1368
1416
1286
1291
1389
1333
1248
1478
1074
911
1349
1406
1768
1449
1484
1291
1469
1511
1579
1455
1501
1480
1269
985
941
1310
1176
1354
1578
1639
1331
1620
1627
1549
1590
1584
1184
1109
1021
935
945
892
883
897
883
868
826
813
802
789
783
775
768
794
-99
-99
-99
-99
-99
-99
-99
-99
-99
-99
-99
-99
-99
-99
54
172
99
242
403
241
543
451
64.862
-99
-99
236
269
320
109
405
350
317
566
510
725
636
830
924
922
741
700
782
1021
941
676
511
296
231.331
242.889
211.889
274
242.889
109.539
109.634
109.736
212.559
281
323
346
484
309
214.13
214.302
298
414
330
325.526
495
490
496
554
706
739
602
847
1002
950
876
844
858
927
851
895
889
1167
1137
1032
857
821
984
929
886
821
671
553.973
552
599
602
615
588
748
902
1149
901
924
1236
1281
1310
1419
1429
1400
1349
895
1350
858
1274
1085
1428
1736
1833
1506
1147.69
1400
1549
1116
1287
1614
1239
861
908
983
1050
1291
1257
1592
1477
1681
1800
1542
1227
1323
1170
1121
1045
998
937
922
897
880
864
851
838
822
808
797
783
777
767
754
748
-99
-99
-99
-99
-99
-99
-99
-99
-99
-99
-99
-99
-99
-99
-99
-99
-99
8
288
405
417
241
184
-99
-99
74.431
84.554
93.206
98.256
207
269
282
295
342
380
615
629
817
953
854
893
680
827
576
810
528
425
262
242.889
212.111
330
397
303
388
327
110.014
110.122
110.234
110.351
260
346
214.03
214.145
262
314
318
429
348
538
619
819
774
717
806
1070
1134
972
912
836
796
795
802
823
841
888
1029
989
1025
966
803.232
803.768
825
746
617
553.093
570
545
506
495.556
495.601
495.616
673
768
803.045
995
968.532
1122
1338
1275
1398
1434
1070
772
959
774.646
938
1357
1586
1798
1594
1224
1147.14
1231
1596
1060
810.706
822.996
835.288
909
983
1411
1214
1463
1563
1683
1902
2028
1652
1441
1368
1196
1066
1063
993
950
928
972
937
912
857
841
849
826
831
810
853
812
803
755
751
-99
-99
-99
-99
-99
-99
-99
-99
83
-99
-99
-99
-99
-99
-99
-99
-99
-99
31
120
174
429
435
69.317
106
162
310
269
157
320
422
304
310
297
443
625
765
862
907
941
658
728
554
404
639
624
451
434
250
225.83
381
463
402
401
376
110.191
372
373
435
110.626
110.746
111.033
111.072
245.465
440
417
406
354
409
610
701
744
841
1136
1212
1054
929
742
924
867
548
695
777
773
845
687
746
789.5
802
945
896
805
748
605
618
682
696
534
495.367
495.79
620
964
893
1185
1289
1074
1219
1123
1108
979
1038
1106
1107
671
909
1230
1605
1555
1837
1541
1462
1115.85
1070
1215
785
925
1206
1284
1432
1543
1389
1487
1811
1865
1724
1668
1761
1331
1288
1186
1144
1046
1014
1042
1038
950
953
958
990
1009
1000
969
910
887
879
851
780
774
758
787
-99
-99
-99
-99
-99
-99
-99
-99
99
-99
-99
-99
-99
-99
-99
-99
-99
-99
-99
123
57
146
318
115
194
275
416
328
183.5
256
324
370
438
557
352
537
700
783
883
966
629
445.155
522
363
355.679
376
571
438
343
227.008
311
472
441
375
300
212.02
326
347
368
392
323
402
353
111.238
111.406
219
393
443
485
450
624
829
786
718
454
772
712
584
485.029
485.093
485.148
690
498
484.502
587
816
801
797
792
934
983
810
765
484.135
512
484.065
484.562
485.168
486.251
486.276
486.302
591
987
1172
1210
955
688
1129
1135
812
722
538.547
538.803
704
1091
1365
1472
1270
1154
1176
1295
1381
1225
750.063
1063
1483
1421
1783
1901
1610
1696
1645
1634
1398
1369
1169
1247
1212
1117
1081
1037.22
1032
1094
1091
1066
1030
1033
1076
1017
979
929
906
828
812
799
785
785
771
767
798
-99
-99
-99
-99
-99
-99
-99
-99
-99
-99
-99
-99
-99
27
13
-99
25
24
-99
-99
-99
59
153
42.63
86
393
336
280
243
255
419
351
358.08
426
620
678
849
766
829
947
860
560
368
355.225
351.574
345.319
338
228.109
227.727
348
266.817
337
343
392
364
269
231
413
352
380
436
460
385
346
273
111.703
246.231
604
671
590
731
764
581
446
588
551
484.141
484.194
563
545
592
485.249
484.67
484.367
646
753
915
879
866
850
989
972
1063
598
484.07
484.015
484.387
613
497.395
497.309
499.366
486.809
604
497
626
678
490.98
772
929
553
535.398
538.069
538.072
538.074
620
723
893
1135
1269
722
980
789
1162
749.393
1184
1632
1687
2028
1973
1913
1615
1466
1707
1635
1534
1292
1144.64
1130.17
1138
1189
1160
1140
1172
1203
1150
1076
991
949
923
918
933
918
867
859
844
823
779
804
816
802
-99
-99
-99
-99
-99
-99
-99
-99
-99
-99
-99
-99
72
84
50
94
251
200
63
-99
-99
-99
36
42.707
63
167
165
310
381
567
455
531
407
405
484
504.495
656
826
860
820
717
523
489
399
349.387
487
501
391
329
320
353
359
393
423
366
417
304
349
411
461
424.854
435
446
342
234
215.432
112.291
235
600
711
552
336.984
338.156
457
464
551
522
483.523
499
473
524
571
657
483.921
483.858
484.035
813
994
976
966
1046
846
1002
696
483.751
653
630
853
777
915
596
607
487.317
487.686
488.064
488.45
492.185
495.01
495.438
501.376
502.067
646
611
538.844
538.077
538.079
538.493
555.449
576.726
625.164
661.245
739
746.079
767
1041
1155
1689
1389
1284
1372
1499
1474
1378
1363.14
1317.28
1328
1317
1251
1279
1271
1381
1241
1189
1098
1034
1002
958
919
878
849
837
828
821
846
808
786
783.027
858
895
778
-99
-99
-99
-99
-99
-99
-99
-99
-99
-99
-99
-99
8
59
33
38
129
179
317
297
84
46
91
47.294
54
125
72.129
175
251
328
362
515
462
559
712
759
539
654
876
763
661
692
414
535
642
462
432
396
362
488
513
366
411
436
509
496
402
352
381.882
436
477
481
602
484
277
415
516
112.379
112.522
548
334.42
637
337.58
339.259
391
449
479
464.641
432.145
414
552
578
693
715
537
483.821
649
737
791
526
740
519
538
483.637
483.672
483.694
930
1092
1181
1167
1064
765
487.341
531
688
519.524
570
495.397
527.123
546
519.553
772
648
615
538.079
595
632
674
871
938
871
1094
1289
994
1328
1754
1342
1152
1302
1424
1157
1416
1620
1841
1536
1467
1626
1477
1256
1177
1125
1072
1008
958
940
918
913.118
912
913
898
884
898
823
810
804
871
905
852
802
785
-99
-99
-99
-99
-99
-99
-99
-99
5.054
11
-99
20
-99
-99
13
36
107
389
386
487
296
124
69
47.371
138
70.315
113
73.943
231
367
356
448
406
628
560
868
762
721
792
619.749
585.843
581
618
743
647
462.446
535
445
445
468
548
486
413
412.255
421
503
479
460
459
415
445
476.372
559
497
467
618
634
564
233.774
112.863
554
648
604
455
362.091
395.052
428
436
364.226
447
623
597
531
534
517.61
577
483.434
483.118
482.775
483.339
483.344
483.349
483.41
483.621
521
483.803
715
876
850
898
999
894
840
998
676
707
999
876
717
527.505
524.129
586
782
722
538.082
839
749
804
775
728
1050
1357
1345
1326
1286
1096
1208
1042
784
1105
1432
1198
1377
1311
1448
1406
1407
1318
1235
1143
1066
1042
1002
1024
987
986
978
915
902
868
845
828
843
813
815
881
909
885
882
837
-99
-99
-99
-99
-99
-99
-99
-99
-99
-99
-99
81
4.655
-99
23
48
52
205
107
365
605
384
90
107
125
274
306
122
162
366
453
384
524
543
617
756
960
841
814
625
672
625
766
750
706
640
445.276
445.222
530
629
541
637
588
412.263
447
477
549
595
593
524
472
499
557
594
678
720
695
562
506
113.05
330.935
643
618
500
363.55
363.782
363.902
364.168
364.377
395.842
437
427
538
552
544
621
680
789
482.267
489
483.345
510
483.52
483.803
685
795
697.026
697.019
801
967
895
1012
856
1324
1026
992
1021
1007
862
608
524.458
542
665
538.085
740
569.086
539.451
577
570.148
640
902
916
1002
1030
990
879
996
723.609
931
1097
1114
1203
833
963
1219
1217.138
1402
1501
1285
1232
1148
1093
1091
1088
1025
1029
1027
1016
938
929
884
889
845
824
897
931
931
892
883
919
-99
-99
-99
-99
-99
-99
-99
-99
-99
-99
-99
-99
-99
-99
-99
8.164
8.6
14
67
95
241
253
163
212
250
364
359
230
229
386
568
499
700
578
588
502
881
925
611
827
811
697
757
781
607
614
476
597
493
499.331
617
709
843
548
454
475
596
636
776
668
644
617
651
681
601
564
520
514.786
659
113.236
388.069
607
483
467
364.875
395.121
364.148
364.606
364.375
395.616
364.979
395.87
519
431
651
578
662
480.006
481.266
720
764
651
587
483.605
483.617
484.084
899
851
697.009
1089
927
1288
1094
1216
1394
1501
1096
1001
763
641
796
856
569.088
538.088
538.089
745
598
539.173
571
588
569.984
751
876
749
609
645
702
741
869
929
887
813.999
1108
1127
1214
1326
1219
1413
1375
1289
1255
1246
1213
1104
1125
1067
966
964
953
939
985
931
842
849
932
943
936
926
936
930
-99
-99
-99
8
5
-99
-99
-99
-99
-99
-99
-99
-99
-99
-99
31
51
9.249
109
151
21
130
149
92
276
551
452
266
229.446
229.411
229.423
257
377
397
562
475
582
702
516
557
668
821
768
647
860
547
578
728
606
499.26
581
883
846
715
566
575
584
653
865
903
725
622
575
554.15
553.164
546
546.983
601
563
113.423
539
594
556
400
426
364.969
395.45
364.241
364.342
364.56
364.798
395.851
396.049
396.403
449
580
475.243
479.915
480.426
644
760
862
747
904
746
744
530.004
721
697
719
1190
1266
1194
1136
983
963
787
997
948
835
752
789
552
538.092
566
538.093
567
538.894
539.024
539.247
539.325
539.403
539.432
539.539
643
586
570.462
570.494
743
833
795
913
986
1114
1109.26
1129
1270
1190
1206.21
1212.83
1294
1202
1146
1108.606
1112
1089
1115
1056
982
959
900
887
849
856
967
962
957
925
890.372
890
-99
-99
-99
-99
3
50
-99
-99
-99
-99
-99
-99
-99
-99
32
63
39
9.691
9.992
10.286
47
56
129
40
173
379
289
461
233.813
229.462
470
414
465
381.787
455
439.094
487
500
513
558
630
781
688
663
686
895
615
677
732
564
539
712
822
741
709
638
728
752
818
828
717
728
593
669
634
622
551
558
623
113.578
356.967
613
573
579
430
409
395.759
364.504
364.358
364.567
364.819
364.908
365.032
365.164
408.446
411.218
480
514
599
489.049
494.164
500.06
663
740
1018
847
922
629
998
931
733
980
1358
912
845.5
810
743
739
735
655
592
664
538.095
799
641
599
538.648
538.767
539.03
569.094
569.257
569.421
539.452
539.481
539.811
539.817
539.861
559
621.63
628.575
873
1044
843.998
1045
1299
1361
1011
1042
1297
1257
1334
1502
1353
1376
1268
1159
1124
1095
1034
945
895
870
889
872
946
957
914
891
921.628
931
-99
-99
-99
-99
61
86
-99
-99
-99
-99
-99
15
7
-99
-99
28
108
187
71
10.749
11.003
126
92
26.69
82
178
167
374
407
390
366
598
443
385.214
433
600
644
500
519
593
666
805
814
681
779
660
743
725
666
645
702
754
770
839
770
793
757
828
896
933
808
630
651
716
655
699
675
639
671
113.624
443
356.968
598
566
450
511
452
364.619
364.94
364.712
364.582
419
489
365.11
379
377.702
462
456
620
708
510
623
984
682.315
690.689
1023
1172
1093
1206
1140
1081
1112
1212
1080
908
904
1206
1252
789
721
555.242
551
654
771
847
538.708
538.795
538.65
538.759
538.888
569.371
569.49
570.068
570.647
570.113
539.981
565
658
640
669
658
806
1195
1151
1297
1361
906
1117
1328
1124
1211
1238
1209
1357
1313
1148
1140
1108
1024
998
959
896
926
945
892
972
965
973
959
898
-99
3
10
-99
11
131
32
24
-99
-99
-99
-99
-99
-99
-99
21
57
27
46
97
11.512
17
46.138
13.38
211
142
202
340
304
493
755
616
685
518
390
520
679
528
532
649
680
827
686.76
674
641
682
654
546
699
597
641
539
697
700
686
893
801
755
942
1045
816
694
546
558
668
732
639
564
564
113.671
578
619
615
616
534
595
506
364.67
419
365.021
395.883
364.801
365.169
365.316
365.313
444
403
522
670
784
734
868
768
947
699.253
710
996
1306
1420
1467
1082.18
1084.2
1065.561
1057
1005
1191
1427
1169
1213
917
792
844
876
956
539.162
538.769
569.101
540.156
538.927
539.032
539.705
539.774
539.955
540.094
540.038
540.089
686
646
672
605.812
605.964
683
795
813
809
802
705
874
919
968
932
938
1117
1306
1199
1207
1229
1220
1156
1076
1018
918
991
956
901.813
990
982
990
916
896
-99
-99
27
85
80
67
177
62
7
-99
-99
-99
-99
-99
-99
-99
-99
15
46
169
101
12.276
13.138
14
145
143.728
143.373
160
197
240
465
478
529
621
581
670
714
639
529
625
794
856
862
656
481
542
592
514
577
540
537
658
581
645
710
780
672
732
775
887
855
709
545.131
544.491
541.358
541.164
540
482
523
113.841
507
485.055
614
614
603
501
400
452
487
431
488
365.107
396.298
365.52
392
395
490
647
753
770
829
1163
1103
699.62
699.715
700.055
1035
946
1220
1451
1362
1117
1161
1315
1033
1080
859.166
848
1072
1104
1109
942
760
668
539.012
569.711
569.207
569.169
539.115
539.479
570.549
539.867
569.693
570.431
540.077
570.412
558.921
626
605.473
605.883
606.129
606.224
644
647
705
630
686
853
833
802
858
859.54
992
1103
1123
1116
1075
1063
1062
983.12
982
1003
993
929
1004
1001
934.038
921.552
916
975
-99
-99
3
19
66
106
178
306
48
-99
-99
16
-99
-99
-99
-99
26
123
398
247
269
228
82
94
157
218
143.635
166
483
422
346
348.926
351.424
407
549
693
621
645
675
572
719
847
642
537
441
458
553
491
483
535
536.027
536.696
559
689
737
706
660
715
780
888
1158
837
717
660
636
581
574
548
459
114.011
488
485.023
609
623
616
568
582
603
547
434
415
365.84
396.315
396.517
425
541
590
752
850
882
1105
1065
699.659
765
774
1008
774.11
818
849.066
854
1145
1276
1181
1469
1339
1037
1118
878
771.503
850
861
904
986
581
752
696
657
610
539.284
539.437
539.541
569.992
551.665
570.184
570.291
571.242
559.046
604
605.489
668
658
606.493
606.412
613.706
621
704
767
774
756.5
848
906
861
1095
1120
1042
1036.5
1031
989
985.01
1041
1003
951
933
931.304
986
1020
1016
1025
955
997
-99
-99
-99
-99
57
140
537
337
311
171
-99
9
20
-99
-99
15
-99
-99
68
251
427
407
167
92
227
221
190
152.027
394
474
619
568
410
356
444
430
469
544
597
664
761
820
702
575
420
443
518
460.938
483
545
580
666
654
689
733
710
630
626
693
749
895
918
796
650
579
508
485
522
517
114.937
539
568
480
501
573
546
642
631
646
659
370
368.237
367.744
411
468
527
586
631
648.116
696
700.465
839
725
1014
1083
1198
1193
818.179
818.112
1043
977
1274
1243
1338
1299
1491
1163
802.395
802.233
771.229
805
639
603.501
846
960
678.601
942
856
568
572
598
646
576
564
637
614
613
626
855
608
1102
904
712
682
628
671
680
749
834
764
940
904
864
1133
1087
1102
1087
1068
1064
1031
979
954
939
987
941
1042
1037
992
987
1016
-99
-99
-99
7
173
317
391
598
465
278
8.028
147
46
-99
-99
72
154
85
-99
21
89
136
203
151
240
260
290
166
226
460
420
325
323
265
428
500
623
603
657
684
510
691
641
508
478
404.667
494
459.276
482
493
617
669
694
673
605
612
566
674
679
684.208
795
793
658
720
616
497
505
459
444.153
115.017
469
471.232
471.716
502.86
502.168
601
677
673
668
478
495
380
443
450
450
523
618
726
786
708
932
1007
760.222
977
1242
926
841.302
855
1068
818.38
872.46
887.588
953
1058
1186
937.142
937.063
849
820
771.282
771.164
626
948
839
689.801
689.8
819
951
734
569
859
803
730
649
670
695
671
758
746
750
714
807
781
726
677
840
973
1103
1043
795
1027
1171
948
1184
1214
1246
1137
1145
1157
1154
1170
976
1007
1022
1046
1066
1071
989.769
1062
1056
-99
-99
-99
-99
50
276
306
607
521
548
111
209
33
-99
48
31
48
98
30
18.494
72
231
114
116
188
419
562
331
286
399
363
249
238
187
338
335
590
682
653
611
479
355
510
525
403.7
413
423
510
576
591
583
614
659
624
568
549.861
581
579
742
766
847
729
684
626
628
569
525
478.333
465
115.096
475
509
574
585
591
739
730
685
678
618
497
553
423
496
574
602
606
603.024
726
976
945
814
840
790.856
1001
1204
1280
1421
997
1040
1042
1096
1115
1147
957
917.728
906.276
920
868
771.308
810
911
1144
1095
801
701
711
744
611
569.635
570
711
828
838
820
815
737
754
745.64
714.5
714.36
819
903
912
853
809
859
934
1041
846
849
1139
952
1039
1225
1295
1277
1221
1126.26
1084.16
1072
1120
1087
1096
1097
1130
1123
1123
1112
1071
-99
-99
-99
-99
67
223
417
455
554
510
204
228
42
32
295
169
48
186
123
21.247
30
29.622
29.626
36
293
351
522
328
119
298
225
210
146
205
248
282
443
603
619
487
344
323
403
465
448
388
523
498
548
626
587
609
528
635
541
557
629
684
594
641
721
783
732
657
614
534
482
453
483
178.078
115.185
177.512
498
606
674
700
734
708
773
712
676
598
617
647
792
679
743
674
598
705
869
1081
1117
1094
959
974.621
978.008
1176
1220
1347
1192
1189
1314
1065
1141
937.198
1107
1055
1032
850
1004
1184
1364
1047
1002
924
704.446
821
816
716
659
571
998
898
928
933
933
756
714.554
714.5
714.446
825
924
883
867.007
826.41
902
911
934
902
975
995
1149
1091
1052.19
1098
1169
1297
1209
1219
1125
1371
1259
1285
1320
1274
1231
1231
1201
1118
-99
-99
-99
-99
-99
184
130
134
258
670
490
206
150
209
239
467
378
257
198
24
29.612
29.62
29.626
99
96.276
206
386
232
93.756
212
232
120.867
182
264
286
281
358
530
471
338
358
300
399
424
369
410
542
596
613
531
509
515
547
561
488
594
600
631
698
707
768
852
852
661
639
658
581
536
445.539
490
437
115.281
506
598
696
757
708
656
603
638
627
669
642
600
640
612
597
584
678
859
817
734
938
1286
1387
1365
1279
1241
1294
1203
1003
874
943
1166
1154
1251
1213
1054
1040
904.888
1024
1295
1369
1018
828
777
707.125
895
877
673.447
682
767
631
665
757
764
801
927
892
714.5
871
930
947
1065
1096
869
1077
1156
1096
1289
997
986.075
1173
1140
1093
1224
1147
1216
1219
1310
1239
1178
1197
1234.16
1236.71
1245
1137
993
1008
945
-99
63
-99
-99
-99
-99
31
40
226
475
433
133
228
265
299
305
553
552
336
283
95
196
29.631
55
78
79.489
80.83
179
83.486
106.498
203
120
132.799
134.008
202
139
299
297
424
259
305
285
345
334
382
563
622
762
660
497
537
407.276
457
459
534
624
608
644
749
707
727
650
688
647
567
623
602
572
558
507
436.146
207
115.379
557
682
756
680
649
616.17
585.645
617.355
623
511
579
667
713
477
515
578
583.163
592.399
594.404
712
891
833
1044
1311
1352
993
1051
1342
1089
758
986
1146
1265
1042
1017
1223
1066
1137
1452
1062
886
1280
886
710
1087
839
788
754
909
646.173
702
722
911
935
944
884
898
929
1310
1286
1604
1500
1189
1279
1660
1613
1451
1150
1052
1162
1132
1208
1134
1298
1603
1404
1404
1329
1344
1360
1320
1352
1272
1323
1151
960
1165
25
57
9
-99
-99
-99
-99
-99
64
93
152
29.937
30.122
106
353
519
395
431
441
167
30.317
31
29.639
232
297
212
139
82.937
83.929
84.555
84.796
91.504
167
164.656
135.888
137
319
324
294
141
274
272
211
284
482
401
542
600
537
487
407
407
424
540
603
574
602.026
785
729
656
636
589
555
500
582
619
704
688
617
570
599
466
115.452
115.569
115.648
506
697
596
584
585.333
586.667
619
509
219.285
506
468
424
565
614
639
730
766
867
721
723.518
784
1027
1014
875
1028
952
666
971
1036
1191
797
836
1089
887
1289
1700
1327
1041
1096
982
1105
780
1075
1048
1006
769.174
889
669
691
749
954
1061
1184
885.437
938
1253
1010
1166
1335
1502
1776
1586
1331
1126
1105.5
1085
1580
1205
1446
1392
1195
1552
1659
1719
1533
1496
1533
1380
1297
1183
1085
1112
981
1015
984
247
105
-99
-99
-99
-99
-99
16
-99
125
28.562
33
31
212
256
342
346.089
379.978
447
219
59
30.112
29.649
129
266
374
298
116
85.412
86.07
107
137
240
198
228
164.803
138.356
139
139.644
186
160
161
293
356
322.276
342.477
403
509
478
488
330.841
544
556
560
609
597
742
609
601
481
555
560
508
472
505
575
647
657
651
671
663
601
514
115.834
461
547
540
529
627
662
644
621
616
504
219.009
218.846
466
425
527
648
759
1098
894
785
761
1038
978
855.999
889
739
659
800
952
1136
1047
706
813
821.55
1021
1222
1338
1557
1605
1123
1386
1282
823
1017
1284
1178
856
1061
856
786
713.276
818
853
1032
1005
887.116
1079
1375
1123
1658
1702
1708
1403
1363
1359
1329
1505
1262
1648
1695
1427
1652
1511
1329
1219
1216.351
1213.772
1211.339
1209.271
1267
1156
1109
1061
1119
1020
1045
151
223
34
227
-99
164
32
157
-99
64
-99
100
127
147
283
386
418
415
405
118
362
99
29.658
39
131
225
207
142
113
88
142
162
280
369
198
177
215
216
139.607
165.099
314
244
261
347
484
578
525
438
427
317
342
472
461
530
513
563
721
531
547
480
523
527
469.952
488
532
588
690
663
596
548.911
553
461
435
423
116.342
274.237
505
561
703
753
815
695
652
593
576
218.407
249.57
396
485
559
624
920
1065
949
944
776
837
978
968
582
734
811
1049
871
937
640
995
1009
935.046
1172
1410
1453
1539
1735
1172
1162
1079
1272
1502
1265
870.997
913
1018
1039
745.737
1012
955
909
910.179
888.437
1216
1145
1261
1429
1392
1629
1739
1673
1694
1980
1560
1906
1659
1754
1450
1407.654
1396.21
1462
1482
1477
1279
1210.387
1207.808
1205.16
1120
1165
1166
1138
1154
1149
3
147
372
404
129
332
150
303
233
28.391
-99
-99
51.279
192
443
451
487
494
315
229
478
242
51
29.672
97
190
213
198
193
99
211
168
209
284
301
221
243
139.721
139.882
246
149.585
155
316
345
290.03
466
534
426
292.136
292.24
451
354
408
399
487
503
551
497
467
467.163
467.743
467.905
542
572
518
542
656
732
623
571
511
522
503
449
274.512
117.412
458
418
405
493
646
687
550
443
457
479
218.131
438
529
491
517
760
689
953
846
711.761
693.474
663
863
551.855
588
718
563.249
577
616
977
1138
1199
1145
1386
1541
1310
1535
1705
1265
1372
1468
1273
989
890.478
933
1234
1414
971
823
975
1046
1060
1057
944
890.197
951
1116
1279
1040.7
1443
1519
1722
1580
1725
1955
1917
1580
1531.38
1617
1597
1686
1352
1301
1281
1227.5
1286
1274
1220
1206
1250
1287
1150
1265
1268
9
91
456
300
209
421
416
398
355
105
30.005
85
81
65.94
288
489
401
326
263
306
268
116
30.093
29.915
141
184
237
361
219
113
222
281
332
248
246
192
157
139.89
139.802
140.431
250
279
236
289.489
289.951
290.297
348
347
291.994
292.098
308
401
340.499
348.75
357
370
367.77
395
498
500
544
519
474
568
585
582
627
681
669
623
604
571
496
443
274.735
117.455
376
276.001
368
405
422
445
537
365
217.582
217.745
217.908
461
483
580
702
662
862
819
825
1064
840
791
608
551.841
859
552.498
645
867
980
1150
981
1041
1177
936
894.668
1406
1426
1679
1500
1517
1054
1029.85
1113
1187
1434
1160
1340
1164
1100
972
971.953
971.905
971.858
939
969
892
1149
1036.92
1248
1093
1163.23
1526
1686
1448
1513
2064
1659
1572
1586
1525
1514
1306.59
1332
1434
1359
1409
1456
1388
1219
1324
1380
1299
1415
1456
16
187
435
485
437
368
367.232
422
301
99
54.557
157
343
136
129
269
225.104
226
228
279
222
32
31.024
30.387
34
98
198
167
208
259
179
354
314
380
287
268
266
186
268
286
332
244.17
249
367
321.158
290.769
291.152
291.417
322.383
309
295.728
327
424
413
351.053
364
412
402
399.399
408
444
558
558
571
646
646
629
574
692
576
486.2
512
485
275.01
275.173
452
118.095
118.201
417
196.253
196.416
388
379
217.307
409
458
504
374
384
441
449
544
544.244
629
659
925
962
583
551.828
551.827
551.825
552.177
602
552.092
836
750
894
1174
1098
959
892.74
1043
1203
1613
1605
1324
1138
1699
1321
1392
1733
1596
1665
1328
1005
1117
997
1244
1171
1265
1285
1328
1013
1037.15
1535
1313
1765
1568
1352
1673
1619
1705
1793
1593
1550
1439
1511
1334.14
1320.656
1372
1557
1822
1795
1348
1463
1643
1670
1665
1487
1526
211
444
359
421
408
365.447
370
386
239
139
169
286
280
359
399
385
265
224.535
230
250
282
244
152
37
133
185
132
170
258
247
299
330
450
416
391
319
238
206
346
355
339
252
319
352
368
402
332
291.312
291.428
301
351
297.083
359
421
356.834
419
427
471
459
419
499
533
584
656
581
598
671
598
510
484.733
484.353
483
559
427
501
498
490
504
118.382
373
309.914
196.692
217.031
277.539
389
492
560
597
641
554
648
587
558.125
606
790
892
690
832
733
597
582.812
551.807
551.803
582.918
800
577
730
1034
830
890.349
1063
1227
1354
1446
1310
1385
1857
1656
1342
1709
1218
1241
1053.23
1038
1074
1454
1095
1225
1551
1621
1276.07
1580
1078
1053.85
1048.6
1284
1348
1348
1742
1932
1949
1694
1644
1448
1411.194
1723
1730
1742
1557
1869
1910
1810
1811
1800
1594
1372
1324
1427
1576
1524
375
261
273
377
366
365
368
363
327
362
353
257
386
399
370
402
264
223.566
223.047
222.229
221.186
220
99
161
317
306
338
388
370
332
311
366
304.799
308
359
270.886
241
257
400
367
359
274
254
392
425
337
291.527
291.483
345
367
349
381
412
417
428
413
451
478
628
462
425
522
567
604
594
548.99
522
496.293
494.33
500
520
548
481
523
489
550
558
565
516
118.82
448
309.639
227.968
277.978
391
454
586
552
562
613
706
649
565.66
567.466
811
659.289
796
904
948
606
582.8
582.795
551.79
775
551.786
592
586.429
608.557
909
988
1339
1165
1225
1228
1067
1537
1534
1193
1722
1522
1122
1079
1321
1207
1122
1555
1368
1364
1777
1518
1337.85
1454
1463
1537
1536
1247
1249.23
1339
1491
1517
1645
1437
1362.75
1586
1388.767
1439
1569
1650
1805
2027
1841
1963
1763
1571
1527
1459
1511
1274
1192
1065
179
372
571
450
311
327
364
461
400
451
403
260.126
419
439
442
391
274
223.047
222.632
262
235
245
201
377
309
335
385
350
322
313
303.845
293.78
291.587
304.395
364
334
357
274
331
408
378
346
363
362
362
333
291.719
362
323.836
375
412
349.553
446
414.767
466
414.786
415.214
531
731
613
496
431
521
629
595
543.516
558
498.165
604
589
531
552
574
564
553
580
583
532
499
119.018
476
441
309.363
228.244
434
309.755
470
566
572
694
656
706
685
828
659.123
659.185
690.274
802
903
711
656
551.784
551.777
551.774
651
709
728
966
677
1072
1233
782.733
827
1031
1352
1269
985
811
1291
1592
1738
1647
1709
1558
1470
1561
1604
1560
1649
1376
1640
1724
1650
1798
1434
1489
1331.44
1425
1331.55
1362.6
1589
1331.71
1331.77
1394
1391
1386
1424
1536
1584
1645
1768
1516
1756
1626
1593
1645
1418
1107.86
1093
1378
308
184
402
356
264.668
298.125
306
474
400
397
343
353
297
419
287
249
228.524
315
222.818
385
322
201.859
201.75
283
363
393
349
314
277.021
277.086
277.14
286.809
308
328
329
421
362
274.291
299
423
438
308.301
333
358
429
386
365
385
327.035
401
496
457
447
463
526
466
417
422
505
682
595
563
553
588
529.361
521
502
523
592
575
589
590
639
640
596
623
538
440
419
400
119.036
409
450
429
228.519
451
404
535
520
704
760
705
888
831
690.262
659.305
690.035
777
785
739
565
551.778
551.769
551.76
605
622
613
712
641.981
899
1028
751.568
968
1172
1144
1207
1128
810
971
839
1040
1081
1134
1426
1345
887
890
893
896
913
1082
1364
1635
1564
1505
1412
1331.51
1331.53
1331.57
1331.62
1331.67
1331.72
1331.78
1331.83
1331.89
1362.94
1332
1343
1304
1317
1686
1377
1421
1341
1224
1285
1133
1412
1503
1308
432
303
263
263.931
264.809
281
360
468
343
339
337
336
345
290.829
255.171
311
403
234
274
410
283
333
202.5
202.5
207
374
399
276.983
276.826
276.929
304.106
324
304.485
276.257
276.187
349
303.949
274.4
274.757
274.916
300
365
402
334
381
441
426
389
327.305
377
471
597
576
509
512
567
428
606
655
660
761
688
697
581
578
556
561
669
583
597
601
607
561
624
557
539
521
498
465
119.867
467
399
416
387
425
485
462
470
596
562
730
642
881
724
659.576
659.471
659.851
830
711
708
733
600
734
602
538.485
540
535.851
637
854
861
908
749.605
785
1138
742
1001
947
809
1012
762.949
796
809.268
916
1063
847.076
1384
1703
1604
1651
1775
1310
1485
1422.22
1425.98
1553
1466
1331.56
1331.57
1362.6
1387
1406
1449
1410
1497
1331.87
1510
1392
1264
1263
1242
1233
1220.91
1208.81
1208.41
1208.33
1190
1356
1593
1629
1457
346
337
404
310
265.191
299.069
300
363
291
336
309.977
322.363
348
357
309
375
430
379
417
434
340
330
203.25
352
332
300
279.953
303.749
303.766
276.761
276.571
276.473
276.33
303.801
304.275
275.167
274.882
321
285
274.856
333
349
403
426
422
420
459
394
383
369
582
539
584
638
760
723
633
474
611
671
767
744
685
595
550
545
552
619
729
575
513
455
454
453
534
483
488
426
120.07
422
460
410
453
416
448
427
506
508
474.401
477
525
719
806
691.104
659.652
721
687
818
669
744
930
861
751
664
639
535.921
535.906
535.707
535.83
623
742.163
852
980
543
812
706.5
706.662
706.825
706.987
1246
1241
1288
827.224
839.735
853
1474
1302
1295.689
1303.864
1312.04
1310.47
1477
1470
1630
1737
1505
1331.6
1331.61
1629
1493
1482
1724
1427.6
1500
1377
1398
1680
1938
1642
1607
1410
1501
1555
1582
1272
1200.86
1234
1665
1677
1604
322
419
426
345
273
265.822
266.12
267.06
268
321
309.791
309.731
309.646
309.541
327
321
321.292
391
418
461
365
321
204
275
377
322
282.871
308
303.77
303.778
276.596
303.79
276.506
303.796
304.053
328
332
294
295
301
274.932
361
413
330
332.229
371
440
500
475
401
451
524
573
622
626
734
702
603
611
712
710
643
553
485
521
541
490
584
649
664
568
567
572
498
439
421
120.41
120.269
414
462
467
467
484
489
446
522
429
511
480
502
690
730
830
690.938
729
729
719.34
746
622.05
654
899
920
796
666.68
772
566.941
675
535.35
778
901
988
1030
863
536.214
702
769
831
1121
1449
1413
1466
1195
1485
1238
938
993
1285
1661
1583
1810
1616
1650
1492
1478
1526
1583
1445
1345
1672
1818
1620
1686
1723
1425.28
1516
1604
1512
2113
1924
1620
1653
1811
1628
1563
1532
1203.36
1392
1759
1900
1694
298
309
525
428
298.911
298.917
298.983
379
325
316
354
309.912
309.91
309.925
355
352.578
372
354
461
444
432
294
221.5
279
378
389
286
297
374
313
304.19
303.788
276.601
303.794
309
315
321
280.374
276.192
274.933
274.933
307
310
352.488
394
335.607
351
365
442
492
451
537
563
546
494
560
606
714
650
701
631
600
546
473
460
459
496
459
508
518
507
551
568
638
537
120.557
438
465
427
483
496
493
516
538
452
505
541
470
568
528
649
802
774
798
833
795
788
742
599.874
567.931
572.335
620
878
821
821
742
589
535.063
700
868
892
760
528.284
553
776
748.276
976
1521
1402
946
893.328
1165
1243
749
714.721
915
1099
991
1244
1869
1429
1432
974.418
1630
1568
1638
1690
1391
1752
1780
1978
1674
1735
1647
1591
1596
1611
1872
2026
2044
1986
1862
2002
1570
1326
1301
1402
2010
1674
1579
187
272
426
341
326
305
327
374
341
345
399
360
337
310.271
354
378
389
408
404
443
344
288
239
274
394
439
333
336
343
390
316
304.392
276.755
276.857
279.643
282.429
342
288
335
370
361
346
341
371
363
415
339.395
341.115
474
406
428
444
504
467
539
545
628
620
662
676
631
620
560
466
470
458
450.902
450.896
450.848
450.766
450.669
497
464
487
120.75
452
473
455
439
434.547
460
539
587
617
618
492
577
584
592
580
689
907
737.852
753
659
922
776
676
691
694
567.147
567.392
696
757
756
700
565.9
534.86
535.131
566.14
749
544.57
523.275
908
760
897
841.811
922
930.906
1439
1013
860
746
713.866
713.357
750
789.338
928
1408
1278
1373
953
1095
983.314
1469
1824
1664
1536
1825
1598
1854
1756
1570
1331
1779
1738
1735
1671
1563
1939
1828
1666
1416
1386
1520
1425
1707
2105
1805
1875
202
193
256
283
334
298
331
359
345
307
383
439
384
340
310.691
311
408
371
342
383
411
396
313
386
458
464
399
382
373
316
304.6
342
276.833
303.848
304.234
282.429
284.217
316
305
306.022
407
375
358.5
355
388
398
340.766
342.772
345
397
400.339
414
462
494
522
551
527
624
701
658
639
562
509
538
525
511
488
482
487
506
484
432.371
432
120.982
430
402
410
477
487
495
498
525
615
620
620
557
674
734
609
641
770
803
737.451
799
536
988
864
686.97
682.9
703
572.362
567.048
567.076
670
881
593
534.894
534.821
534.799
675
728
513.569
598
553.19
571
968
842.307
1081
1451
1380
1005
1037
1072
875
711.222
889
1124
1103
790
786.289
864.645
943
1009
1058
1110
1161
1550
1874
1494
1439
1464
1847
1335
1250
1670
1367
1548
1450.99
1719
1783
1540
1894
1709
1785
1517
1651
1923
1664
1530
1553
266
239
244
244
296
291
307
234
259
278
344
424
453
377
427
383
322.275
325.867
332
399
461
405
438
441
498
413
441
372
327
316
283
277.471
320
304.111
305.02
318
313
372
306.444
315
356
398
398
402
387.107
424
414
428
435
457
437
495
441
481
583
505
568
595
625
745
680
618
549
494
553
563
544
557
560
557
539
467
471
121.083
396
397
398.855
422
481
513
524
465
507
537
582
597
645
834
704
789
831
739
737.049
812
475.119
888
721
785
845
826
569.988
572.49
567
566.639
582
565.916
696
663
534.742
718
513.588
513.553
693
618
618
1226
1287
1062
1016
769
872
1195
673
1321
670.38
884
1151
739
780
1151
1323
1175
768.073
1070
1096.55
1591
1629
1572
1053.28
1432
1505
1395
990.772
1021
1262
1556
1596
1528
1394
1465
1650
1780
1380
1375
1153
1454
1810
1302
1443
1364
103
302
325
110
247
277
266
169
222
193.383
235
379
503
441
463
407
353.467
376
422
486
485
400
449
480
437
401.89
373
359
380
321
277.659
277.501
305.137
332
333
309.01
310.119
350
341
307.979
309
356
386
441
444
500
518
518
499
456
490
486
529
494
564
484
496
532
590
731
748
573
500
486.671
455.952
514
555
616
633
524
562
468
437
121.12
240.163
407
424
399.084
439
466
393
436
461
444
553
582
643
623
555.021
642
819
732
817
824
474.672
644
651.174
832
1055
853
768
777
626
704
566.362
812
826
534.892
534.313
533.909
513.123
798
913
1142
782
1173
1153
916.83
915
757
731.77
729.275
758
670.058
1087
678
780
1144
687.999
857
972
627
913
1137
1331
1721
1221
1349
1043
1066
1456
1066
958.485
1352
1042.61
1123.99
1141.79
1375
1553
1355
1371
1157
1077
808
1179
1211
842.51
1119
1109
1059
128
192
299
93
317
175
230
158.265
205
184
214
272
374
432
378
391
383
419
387
390
380
315
332
387
438
399
411
342
333
281
277.831
277.526
324
389
400
365
346
379
389
368
319
336
331
351
384
485
510
533
553
489
506
552
567
517
469
489
523
550
626
527
529
546
486.792
455.67
455.696
486.742
538
520
603
509
470
449
121.162
270.888
182.319
379
418
425
434
416
401
390
399
421
525
559
541
560
551
630
603
677
729
548
472.682
769
661
1066
976
884
751
832
858
591
694
862
848
931
766
805
513.223
513
693
1121
824
783
903
928
1199
1251
963
1214
917
667.941
766
955
631.625
942
875
670
588.509
722
1180
1436
1626
1224
1369
1147
1019
971
1382
1293
908
1021
1369
1594
1558
1545
1119
1218
813
857
760
1399
1688
1296
767
936
1100
616
11
51
79
93
152
137
178
158.258
159
199
182.553
182.588
280
333
353
418
296
305
409
362
326
170
398
399
417
390
408
394
354
349
370
277.727
315
405
360
408
405
387
361
369
398
298
303
301.517
354
378
451
487
507
541
551
461
474
486
476
454.106
497
524
592
491
464
531
486.638
455.646
455.657
486.949
555
473
433
466
172
121.42
172
431
408
182.594
418
426
389
273.976
274.138
387
393
395
471
478
487
457
501
570
579
619
780
533
449
663
526
851
866
720
812
724
893
897
702
918
1017
1136
867
982
629
508.866
724
792
991
569.967
943
808
1235
1179
1120
757
941
1006
665
643.525
625.213
871
663
588.107
858
1052
1109
1031
803
1184
1498
1132
908
1118
1285
1008
862.533
1169
1028
1227
1047
1059
693
1015
683
614.172
957
1535
1535
1152
1025
579
772
870
116
134
182
171
159
132
157
205
168
182
241
233
277
254
281
305
211
257
206
145
108
115
286
319
377
308
397
420
461
487
378
340
328
327
414
416
411
413
441
345
232
272
299
343
373
380
306.275
471
506
516
497.5
474
456
443.637
471
455
453
524
536
487.012
455.894
455.781
455.617
455.612
486.602
486.584
538
468
400
370
122.045
420
451
428
410
182.816
374
381
242.7
371
243.36
423
424
512
408
451
460
448
475
559
562.708
580
656
490.697
466
355.391
565
659
689
653.696
728
635
789
717
914
836
842
855
998
631.278
727
589
487.949
477.752
560.306
568.431
574.821
811
1261
898
964
1031
675
698
927
957
811
591.465
587.535
727
1135
1070
735
606
1110
855
1218
1367
1143
849.468
1030
906
862.162
1004
1394
1252
1084
942
796
628
550
779
1397
1409
1072
891
501
752
887
963
62
13
81
15
76
207
205
202
277
145
246
153.491
152.823
317
304
172
106
86.659
140
119
87.124
109
204
195
231
328
380
475
482
528
455
389
329
360
353
236.309
268
377
437
405
361
107.162
125
227
244
306
306
356
425
516
532
503
513
480
437
427
470
506
487.035
487.049
456.003
455.768
498
486.588
455.568
455.536
455.487
434
388
122.279
445
437
463
436
402
183.039
408
407
242.263
242.425
243.583
249.903
250.043
442
461
499
444.5
494
495
569
575
649
633
762
586
355.992
355.331
379.678
610
721
768
608
575
790
808
721
700.961
717
631.46
701
611
476.754
475.173
710
802
946
581.305
585.519
838
1191
981
774
986
653.091
672
871
910
608
571
812
774
727
601
747
916
1153
1236
945
1057
939
790.943
787.778
1039
1053
1239
1355
1320
1085
846
556
684
544
849
858
1022
479
750
1038
1123
1623
-99
-99
-99
-99
158
22
300
212
330
65
164
145
293
291
214
113
95
88
85
86.265
110
97
100
135
148
188
334
414
464
493
452
392
340
253.895
243.93
358
224
129
208
241
244
151
91.275
183
223
208
282
291
343
424
436
501
512
496
427
414
457
520
516
487.354
508
475
525
526
455.564
545
590
512
395
122.467
454
442
453
427
386
183.261
406
214.811
214.974
244.182
244.02
274.858
281.178
250.254
475
441
448
505
572
500
595
544
629
733
394
355.271
681
666
421
463.863
686
490
603
784
812
701.617
700.956
701.519
617
635
581
581
470.376
512
824
986
935
596
748
1262
909
997
644.048
639.905
621
596.124
645
856
522.078
639
721
685
637
600
986
969
1129
903
1365
1119
862
859
738
844
774
1257
1300
1186
989
1029
1055
665
460.579
565
469.526
472.155
738
1360
1543
1527
-99
-99
-99
-99
9.264
-99
76
113
-99
58
31
61
61.828
130
63.483
64.31
65.138
66.283
170
186
86.361
86.478
105
217
152
169
221
260
335
390
455
384
254.948
450
480
439
292
107
89.628
93
206
85
132
89
75
170
203
214
283
407
463
530
493
484
392
369.019
518
552
696
606
559
492
539
458
485
561
583
516
479
172
122.539
171.237
437
460
514
413
183.536
444
406
215.249
275.902
282.004
280.19
250.453
252.496
415
441
531
533
430
459
506
715
715
464
344.667
510
732
571
441.14
453
642
707
829
745
751
700.563
700
510
414.409
572
598
500
457
1004
847
1043
664
599
1149
1132
1072
1137
766
766
595
665
522.085
704
522.077
792
528
522.203
676
813
976
1160
565
902
944
1046
882
526.545
527
557.466
1090
680
909
1181
982
1307
733
643
460.053
1147
1029
963
1518
1535
1063
-99
-99
-99
-99
-99
-99
-99
-99
35
-99
-99
89
143
62.753
63.385
74
174
161
127
139
155
159
144
110.035
161
154.086
155.13
156.358
157.661
159
239
256
265
335
143
275
235
122
85
141
54
138
50
31
146
232
101.998
198
299
249
286
298
289.337
319
330
570
495
550
666
635
558
541
520
467.835
506
595
518
514
462
458
122.596
455
455
518
481
461
413
382
414
215.693
275.68
281.226
281.729
248.915
252.274
217.445
438
313.808
467
422
504
599
777
583
556
307.833
614
748
731
662
717
621
832
702.015
700.68
700.633
701.553
746
575
460
358
475
630
362.661
919
792
876
947
693
932
913
1080
701
666
620
522.261
522.094
603
579
522.082
522.074
522.065
522.055
749
623.3
617
779
531
571
962
1427
1052
771
526.106
606
1054
672
632
917
1056
1188
1071
569
460.132
459.888
617
770
1372
1216
654
-99
-99
-99
-99
-99
-99
-99
-99
121
170
29
113
102
90
111
117
151
214
239
265
215
271
216
177
163
164.112
168
237
259
295
341
351
239
188
72.057
67
81
140
126
17.422
116
18
17.815
108
170
65
147
159
175
248
306
288.518
290
468
440
639
599
556.415
637
678
596
537
468.256
468.503
506
563
479
452.167
452.854
475
451
134.71
459
474
446
451
426
245.614
215.698
246.824
216.219
441
282.501
217.264
217.268
252.994
217.617
450
410
481
578
583
623
629
449
282.179
778
706
718
831
666
658
791
743
700.674
700.647
867
723
758
712
625
305.166
521
307.421
464
366
361
789
825
768
868
1026
1120
757
691
611
647
712
559
522.09
522.08
522.435
522.052
694
773
634
389
385
827
660
655
954
854
550
525
875
874
615
554
540
892
1026
904
798
459.764
459.659
852
825
916
488
-99
-99
-99
-99
-99
-99
134
144
145
178
79
69
49
97
90
103
118
149
222
109
95
124
33
46
165
201
221
125
128
284
250
70
141
176
110
138
17.358
65
17.386
17.417
17.456
17.5
41
96
46.752
46.733
69
141
252
261
413
373
315
425
443
496
595
611
628
607
583
537
538
519
541
473.002
479
449.831
449.145
532
143.418
427
416
480
478
430
245.999
215.785
277.549
247.261
247.758
217.038
217.105
282.776
284.593
253.431
254.252
533
419
447
515
597
560
443
459
260.529
432
743
734
884
691
776
869
755
700.682
700.667
836
708
575
497
490
635
304.511
364
440
357
528
466.129
577
649
706
1189
1122
770
765
655
769
734
700
555.104
555.942
555.071
522.05
522.03
698
736
416.773
383.051
527
358.998
649
601
780
654
329.647
806
546
685
291
515
793
892
637
758
753
461
458
709
622
446
-99
-99
-99
-99
-99
-99
-99
-99
-99
-99
99
117
32
74
79
73
118
7.487
-99
-99
-99
-99
14
66
205
228
218
51
103
60
41
109
99
152
233
174
96
17.33
122
61
85
139
127
53
-99
140
147.275
247
334
306
406
407
376
310
445
486
506
505
588
583
507
474.881
464
553
483
455.812
454.02
461
486
444
152.581
438
457
466
468
438
428
215.849
436
278.483
247.981
551
539
514
538
253.868
254.03
572
527
465
468
475
606
357.63
358
260.126
264.292
545
420
604
924
893
894
783
758
700.683
787
879
594
493.871
549
373
285.521
328
353
471
969
912
623
762
728
860
1064
1164
949
706
685
627
538.621
555.124
522.103
522.079
602
522.026
521.998
521.971
503.884
503
358.031
349.014
770
1083
599
302
383
635
414
603
531
276.298
752
472
554
582
520
545
407
388
378
442
-99
-99
-99
-99
-99
-99
-99
-99
-99
-99
62
-99
-99
42
68
-99
-99
-99
-99
-99
-99
-99
-99
-99
-99
-99
-99
-99
-99
38
23
122
161
77
125
147
42
17.275
85
79
139
107
105
120
79
36
189
152.638
165.319
178
205
294
305
345
397
532
501
465.093
482.215
556
575
508
493.371
461.482
460
457.689
462
500
168.079
163.868
492
430
486
485
488
460
475
427
215.918
470
486
481
571
690
576
490
475
538
551
521
465
426
496
444
357
260.12
260.273
260.316
345
614
692
632
782
833
766
718.307
761
957
602
604
919
786
282.15
282.467
283
494
824
1040
1102
880
903
1094
921
1021
826
914
624
631
555.167
522.14
555.113
613
555.06
555.035
522.014
522.408
729
539
558
712
341.862
588
859
577
198.835
485
451
406.5
519
267.275
575
512
277.26
540
271
401
284
417
231
101
-99
-99
-99
-99
-99
-99
-99
-99
-99
-99
-99
-99
-99
88
-99
-99
-99
-99
-99
-99
-99
-99
-99
-99
-99
-99
-99
-99
-99
-99
5.565
128
111
117
34
41
-99
14
59
64
167
55
41
16
-99
64
158
225
277
226
302
341
322
401
508
625
521
529
464.683
482.701
536
592
495
538
505
485
471
180.858
200.639
479
502
438.105
444
497
257.293
257.131
256.969
256.807
402
495
471.659
593
740
722
639
613
570
565
573
509.822
528
269
266.102
263.204
260.305
260.108
308
386
316
538
469
381
650
864
873
894
896
675
871
857
765
782
480
281.972
621
742
1134
501
619
1073
894
884
686
1002
1051
590.588
590.553
674
570
613
622
624
915
875
723
703
659
729
646
587
308
444
745
926
509
194.455
549
640
399
335
251
319
271
316
215
372
141.292
141.26
155
253
-99
-99
-99
-99
-99
-99
-99
-99
-99
-99
-99
-99
-99
96
-99
-99
-99
-99
-99
-99
-99
-99
-99
-99
-99
-99
-99
-99
-99
-99
-99
-99
10
133
85
-99
-99
-99
51
94
137
63
45
-99
-99
43
74
92
115
145
302
316
368
432
541
528
628
468
462
553
592
622
563
589
501
199.705
192.125
487
512
562
484
454
453
467
257.729
257.093
527
570
475
562
473
481
533
558
633
673
615
652
593
680
637
296
271
358
503
262.621
257
327
271
287.663
327
598
395
757
893
753
1024
895
1010
1035
922
979
795
281.231
436
428
813
801
378
735
882
673.731
801
852
643
658
629
590
553
348.5
470
710
736
899
919
937
721
674
608
490
655
213
207.8
202.6
197.4
192.2
187
179.805
349
427
371
175
148.707
221
197
141.343
169
141.25
141.186
153
-99
-99
-99
-99
-99
-99
-99
-99
-99
-99
-99
-99
-99
-99
-99
-99
-99
-99
-99
-99
-99
-99
-99
-99
-99
-99
-99
-99
-99
-99
-99
-99
-99
34
-99
51
-99
-99
-99
28
85
118
-99
-99
-99
80
82
152
249
281
416
329
440
368.599
486
391.319
389.579
387.549
385.451
383.421
381.681
565
561
557
556
196.315
465
556
540
530
518
481
453.447
476
493
549
689
789
763
768
622
528
487.5
530.392
534.431
581
685
679
530
677
545
466
497
356
512
325
226.872
220
459
457
611
653
298
459
654
466
626
932
960
677
706
806
737
292
280.204
402
480
461
513
370
700
630
769
442
604
700
422
345
366
496
331
518
607
516
833
1003
865
739
672
691
507
562
307
428
558
476
329
169.909
305
330
169
148.825
148.675
269
245
141.396
141.358
141.279
180
141
-99
-99
-99
-99
-99
-99
-99
-99
-99
-99
-99
-99
-99
-99
-99
-99
-99
-99
-99
-99
-99
-99
-99
-99
-99
-99
-99
-99
-99
-99
-99
-99
-99
-99
-99
-99
-99
-99
-99
58
5.309
-99
-99
-99
-99
149
276
23
120
395
337
318
397
337.275
395
406.694
406.564
435
406.275
382.857
439
378
625
471
427
324.711
418
473
459
535
540
541
537
559
597
745
783
906
840
737
686
494
539
549
602
544
331
322
578
290
380
540
445
703
467
382
142
283
184
421
186
230
262
780
394
272
543
574
673
844
648
625.519
627
381
387
200.673
153.927
179
279
294
413
369.264
469
774
433.76
430.24
481
321.938
321.753
322.307
500
336
343
664
805
948
770
550
567
634
737
439
301
246.038
249
128.106
249
111.2
211
387
295
201
148.587
197
141.468
141.49
141.484
141.404
177
275
-99
-99
-99
-99
-99
-99
-99
-99
-99
-99
-99
-99
-99
-99
-99
-99
-99
-99
-99
-99
-99
-99
-99
-99
-99
-99
-99
-99
-99
-99
-99
-99
-99
-99
-99
-99
-99
-99
-99
-99
-99
-99
-99
10
-99
-99
12.019
115
80.948
279
283.442
384
327.001
453
421
589
588
519
431
406
497
342.013
469
625
625
432
458
435
524
607
739
793
882
753
633
662
704
840
772
674
598
601
660
692
694
368.929
373
184
499
237
335
250
266
593
589
494
271
137
119.973
152
75.525
316
290
521
234
273
408
476
362
415
623
660
773
862
455
635
583
111.275
482
104.221
351
729
880
896
710
431.252
491
473
359
315.275
430
269.998
477
523
519
607
668
393
645
779
524
473
629
309
241
129
127
150
101.532
361
341
376
148.196
266
327
270
172.686
186
195
246
-99
-99
-99
-99
-99
-99
-99
-99
-99
-99
-99
-99
-99
-99
-99
-99
-99
-99
-99
-99
-99
-99
-99
-99
-99
-99
-99
-99
-99
-99
-99
-99
-99
-99
-99
-99
-99
-99
-99
-99
5.07
75
70
8
56
76
177
167
282
322
366
371
351
336
421
565
481
459
470
386
395
298.54
300.904
326.397
474
625
589
569
681
746
702
710
729
639.5
814
808
854
778
788
751
716
705
675
653
476
423
350
97.686
306
491
201
143.259
214
458
461
263
142.669
146
143
91
63.004
169
294
219
269
216
385
543
442
245.684
329
359
583
770
554
550
461
264
102.892
524
379
491
827
602
530
647
682
375.001
532
334
263
381
602
636
346
319
517
279.786
292
398
504
459
359
295
199
375
440
182
84
194
316
154
143.5
209
514
358
285
180.045
282
159
-99
-99
-99
-99
-99
-99
-99
-99
-99
-99
-99
-99
-99
-99
-99
-99
-99
-99
-99
-99
-99
-99
-99
-99
-99
-99
-99
-99
-99
-99
-99
-99
-99
-99
-99
-99
-99
-99
20
-99
-99
-99
44
17
-99
13
124
157
274
216
247
286
320
397
457
520
510
531
482
343.591
261.426
328.575
369.784
405
486
629
520.117
572
570
553
622
626
646
689
697
832
953
874
816
658
683
580
630
575
614
745
282
97.756
88
214
203
120
471
445
408
345
342
240
412
180
83
38.294
78
39
48.622
104
178.444
454
567
243
249
515
521
511
802
549
649
475
332
99.083
203
183
543
580
357.674
704
691
814
424
477
306
201.166
223
383
143
140.78
259
520
425
634
868
536
305.275
311
331
188.920544748868
183
250
94
39.696
33.815
136
377
151
280
519
413
264
201
319
-99
-99
-99
-99
-99
-99
-99
-99
-99
-99
-99
-99
-99
-99
-99
-99
-99
-99
-99
-99
-99
-99
-99
-99
-99
-99
-99
-99
-99
-99
-99
-99
-99
-99
-99
-99
-99
-99
-99
192
237
230
5.55
8
20
15
-99
82
198
186
350
360
415
435
450
465
390
452
474
197.838
312.889
432
416
563
489
518.517
519.977
520.741
552.085
670
730
707
744
657
640
833
848
648
644
480
423
418
479
477
552
507
286
115.321
114.364
80
65.211
133
159
225
327
359
312
274
298
171
249
206
38.046
65
115
454
290
485
367
385
173
236
361
309
359
305
487
332
125.667
96
106
264
581
731
390.7
354
157
335
250
338
333
317
197
62
137
213
299
420
595
785
704
310
299.451
296.282
291
290
314
184
61
169
18.392
325
417
381
472
479
496
400
290
323
-99
-99
-99
-99
-99
-99
-99
-99
-99
-99
-99
-99
-99
-99
-99
-99
-99
-99
-99
-99
-99
-99
-99
-99
-99
-99
-99
-99
-99
-99
-99
-99
-99
-99
-99
-99
-99
-99
-99
-99
205
204
71
14
62
14.957
32
14.992
115
80
95
49.642
81
311
332
445
304.395
384
197.563
449
469
462
493
480
497
577
604
552.741
576
683
525
648
690
606
580
641
710
882
785
586
519
248
211
352
532
333
308
183
130
206
67
63
50.791
104
306
277
325
268
145
81
45.502
45.501
84
37.092
39
305
224
278
335
133.469
89
122
281
115
239
435
217
214
66
183
225
259
322
427
615
397
185
59
200
434
353
534
213
49
221
350
302
493
403
540
450
652
463
478
576
510
428
363
182
23
19.198
16.756
56
268
294
278
266
131
334
286
-99
-99
-99
-99
-99
-99
-99
-99
-99
-99
-99
-99
-99
-99
-99
-99
-99
-99
-99
-99
-99
-99
-99
-99
-99
-99
-99
-99
-99
-99
-99
-99
-99
-99
-99
-99
-99
-99
-99
76
23
126
205
138
81
15.176
15.226
15.341
236
31.064
49.392
120
49.797
81
270
316
264
288
197.341
316
463
566
437
527
673
551
555
575
557
510
469
713
545
419
601
392
561
669
876
675
499
230
122.169
122.008
152.732
152.728
152.723
173
275
324
310
30
146
256
316
230
425
303
390
293
298
197
98
-99
57
35.808
87
108
152
225
167
67.65
114
160
149
317
334
75
57
25
100
116
273
446
259
445
319
131
39.409
131
356
309
270
36
90
125
476
540
441
355
278.894
367
311
288
453
329
306
366
434
268
135
14.627
127
197
257
158
165
163
57.423
101
-99
-99
-99
-99
-99
-99
-99
-99
-99
-99
-99
-99
-99
-99
-99
-99
-99
-99
-99
-99
-99
-99
-99
-99
-99
-99
-99
-99
-99
-99
-99
-99
-99
-99
-99
-99
-99
-99
-99
-99
-99
60
116
116
93
54
52
93
23
127
82
52
115
49.821
49.825
116
118
120
246
383
473
370
400
354
577
550
469.165
450
522
428
471
490
481
487
233
345
431
493
650
613
597
335
152.736
121.899
121.74
121.734
121.717
287
247
164
213
23
10
61
85
68
98
88
48
49
46
47
43
34
32.617
41
51
57
59
52
83
55.222
89
84
87
98
123
87
63
23
76
68
95
104
198
98
93
80
23.549
83
102
125
14
133
140
175
149
202
250
437
328
259
150.521
152
140.274
276
121
177
311
158
95
9.981
91
161
142
126
17
111
72
36
-99
-99
-99
-99
-99
-99
-99
-99
-99
-99
-99
-99
-99
-99
-99
-99
-99
-99
-99
-99
-99
-99
-99
-99
-99
-99
-99
-99
-99
-99
-99
-99
-99
-99
-99
-99
-99
-99
-99
104
-99
-99
-99
229
93
64
66
107
163
331
297
249
190
237
283
214
305
342
221
348
387
235
256
284
390
519
510
418
384
434
609
280
628
225
357
225
413
479
479
448
372
359
145
121.742
152.752
152.806
121.645
160
177
260
25.521
27
7.439
28
17
14
12
-99
-99
-99
-99
-99
-99
-99
-99
-99
-99
19
15
44
56
34
40
45
14
-99
47
23
37
-99
45
-99
45
62
34
-99
-99
-99
-99
-99
-99
-99
74
-99
-99
-99
-99
-99
-99
74
96
148
205
165
167
122
138
120
113
-99
-99
95
123
133
118
51
1.473
63
39
-99
-99
-99
-99
-99
-99
-99
-99
-99
-99
-99
-99
-99
-99
-99
-99
-99
-99
-99
-99
-99
-99
-99
-99
-99
-99
-99
-99
-99
-99
-99
-99
-99
-99
-99
-99
-99
-99
-99
-99
-99
-99
-99
-99
-99
14
42
50
56
126
299
244
223
269
152
192
236
274
254
245
259
157
177
275
392
424
546
446
454
304.124
296.876
523
176
175
373
212
144.616
161
349
469
522
648
690
563
407
324
178
160
119.338
116.583
167
198
37
-99
-99
-99
-99
-99
-99
-99
-99
-99
-99
-99
-99
-99
-99
-99
-99
-99
-99
-99
-99
-99
-99
-99
-99
-99
-99
-99
-99
-99
-99
-99
-99
-99
-99
-99
-99
-99
-99
-99
-99
-99
-99
-99
-99
-99
-99
-99
-99
-99
-99
-99
105
-99
-99
-99
-99
-99
-99
-99
-99
-99
-99
64
-99
-99
-99
13
-99
-99
-99
-99
-99
-99
-99
-99
-99
-99
-99
-99
-99
-99
-99
-99
-99
-99
-99
-99
-99
-99
-99
-99
-99
-99
-99
-99
-99
-99
-99
-99
-99
-99
-99
-99
-99
-99
-99
-99
-99
-99
-99
-99
-99
-99
4
24
2
52
200
190
161
149
288
298
227
176
246
256
191
112
61
282
286
422
431
482
422
366
266
446
370
144
44
460
122
231
347
428
517
575
522
455
348
340
511
223
106
260
200
24
-99
-99
-99
-99
-99
-99
-99
-99
-99
-99
-99
-99
-99
-99
-99
-99
-99
-99
-99
-99
-99
-99
-99
-99
-99
-99
-99
-99
-99
-99
-99
-99
-99
-99
-99
-99
-99
-99
-99
-99
-99
-99
-99
-99
-99
-99
-99
-99
-99
-99
-99
-99
-99
-99
-99
-99
-99
-99
-99
-99
-99
-99
-99
-99
-99
-99
-99
3
9
<EndGridData2D>
