PROJ4_STRING : +proj=longlat +datum=WGS84 +no_defs
 <beginpolygon>
  -7.49000000000000        37.5100000000000     
  -7.49000000000000        37.5300000000000     
  -7.47000000000000        37.5500000000000     
  -7.45000000000000        37.5500000000000     
  -7.43000000000000        37.5500000000000     
  -7.41000000000000        37.5500000000000     
  -7.39000000000000        37.5500000000000     
  -7.37000000000000        37.5500000000000     
  -7.35000000000000        37.5500000000000     
  -7.33000000000000        37.5500000000000     
  -7.31000000000000        37.5300000000000     
  -7.29000000000000        37.5300000000000     
  -7.27000000000000        37.5100000000000     
  -7.25000000000000        37.5100000000000     
  -7.23000000000000        37.5100000000000     
  -7.23000000000000        37.5300000000000     
  -7.25000000000000        37.5500000000000     
  -7.23000000000000        37.5700000000000     
  -7.21000000000000        37.5900000000000     
  -7.19000000000000        37.5900000000000     
  -7.17000000000000        37.5900000000000     
  -7.15000000000000        37.6100000000000     
  -7.13000000000000        37.6100000000000     
  -7.13000000000000        37.6300000000000     
  -7.13000000000000        37.6500000000000     
  -7.11000000000000        37.6700000000000     
  -7.09000000000000        37.6900000000000     
  -7.07000000000000        37.7100000000000     
  -7.05000000000000        37.7300000000000     
  -7.03000000000000        37.7500000000000     
  -7.01000000000000        37.7700000000000     
  -7.01000000000000        37.7900000000000     
  -7.01000000000000        37.8100000000000     
  -7.01000000000000        37.8300000000000     
  -6.99000000000000        37.8500000000000     
  -6.97000000000000        37.8500000000000     
  -6.95000000000000        37.8300000000000     
  -6.93000000000000        37.8500000000000     
  -6.91000000000000        37.8500000000000     
  -6.89000000000000        37.8500000000000     
  -6.87000000000000        37.8700000000000     
  -6.85000000000000        37.8700000000000     
  -6.83000000000000        37.8900000000000     
  -6.81000000000000        37.9100000000000     
  -6.79000000000000        37.8900000000000     
  -6.77000000000000        37.8900000000000     
  -6.75000000000000        37.8700000000000     
  -6.73000000000000        37.8900000000000     
  -6.71000000000000        37.8900000000000     
  -6.69000000000000        37.8900000000000     
  -6.67000000000000        37.8900000000000     
  -6.67000000000000        37.9100000000000     
  -6.67000000000000        37.9300000000000     
  -6.67000000000000        37.9500000000000     
  -6.65000000000000        37.9700000000000     
  -6.65000000000000        37.9900000000000     
  -6.63000000000000        38.0100000000000     
  -6.61000000000000        38.0300000000000     
  -6.59000000000000        38.0300000000000     
  -6.57000000000000        38.0300000000000     
  -6.55000000000000        38.0500000000000     
  -6.53000000000000        38.0500000000000     
  -6.53000000000000        38.0700000000000     
  -6.51000000000000        38.0900000000000     
  -6.49000000000000        38.0900000000000     
  -6.47000000000000        38.0900000000000     
  -6.45000000000000        38.0900000000000     
  -6.43000000000000        38.0700000000000     
  -6.41000000000000        38.0700000000000     
  -6.39000000000000        38.0700000000000     
  -6.37000000000000        38.0500000000000     
  -6.35000000000000        38.0500000000000     
  -6.33000000000000        38.0500000000000     
  -6.31000000000000        38.0500000000000     
  -6.29000000000000        38.0500000000000     
  -6.27000000000000        38.0500000000000     
  -6.27000000000000        38.0700000000000     
  -6.27000000000000        38.0900000000000     
  -6.29000000000000        38.1100000000000     
  -6.29000000000000        38.1300000000000     
  -6.29000000000000        38.1500000000000     
  -6.27000000000000        38.1700000000000     
  -6.27000000000000        38.1900000000000     
  -6.29000000000000        38.2100000000000     
  -6.29000000000000        38.2300000000000     
  -6.29000000000000        38.2500000000000     
  -6.27000000000000        38.2700000000000     
  -6.25000000000000        38.2900000000000     
  -6.23000000000000        38.2900000000000     
  -6.21000000000000        38.2900000000000     
  -6.19000000000000        38.2900000000000     
  -6.17000000000000        38.2700000000000     
  -6.15000000000000        38.2700000000000     
  -6.13000000000000        38.2700000000000     
  -6.11000000000000        38.2900000000000     
  -6.09000000000000        38.2900000000000     
  -6.07000000000000        38.2700000000000     
  -6.05000000000000        38.2500000000000     
  -6.03000000000000        38.2500000000000     
  -6.01000000000000        38.2300000000000     
  -5.99000000000000        38.2100000000000     
  -5.99000000000000        38.1900000000000     
  -5.97000000000000        38.1700000000000     
  -5.95000000000000        38.1700000000000     
  -5.93000000000000        38.1700000000000     
  -5.91000000000000        38.1700000000000     
  -5.89000000000000        38.1900000000000     
  -5.87000000000000        38.2100000000000     
  -5.85000000000000        38.2100000000000     
  -5.83000000000000        38.2100000000000     
  -5.81000000000000        38.2300000000000     
  -5.81000000000000        38.2500000000000     
  -5.79000000000000        38.2700000000000     
  -5.77000000000000        38.2700000000000     
  -5.75000000000000        38.2700000000000     
  -5.73000000000000        38.2700000000000     
  -5.73000000000000        38.2900000000000     
  -5.71000000000000        38.3100000000000     
  -5.69000000000000        38.3100000000000     
  -5.67000000000000        38.3100000000000     
  -5.65000000000000        38.3100000000000     
  -5.63000000000000        38.3100000000000     
  -5.61000000000000        38.3100000000000     
  -5.59000000000000        38.3100000000000     
  -5.57000000000000        38.2900000000000     
  -5.55000000000000        38.2700000000000     
  -5.53000000000000        38.2500000000000     
  -5.51000000000000        38.2300000000000     
  -5.49000000000000        38.2300000000000     
  -5.49000000000000        38.2500000000000     
  -5.49000000000000        38.2700000000000     
  -5.51000000000000        38.2900000000000     
  -5.51000000000000        38.3100000000000     
  -5.49000000000000        38.3300000000000     
  -5.47000000000000        38.3500000000000     
  -5.45000000000000        38.3500000000000     
  -5.43000000000000        38.3700000000000     
  -5.43000000000000        38.3900000000000     
  -5.41000000000000        38.4100000000000     
  -5.39000000000000        38.4100000000000     
  -5.37000000000000        38.4100000000000     
  -5.35000000000000        38.4100000000000     
  -5.33000000000000        38.3900000000000     
  -5.31000000000000        38.3900000000000     
  -5.29000000000000        38.3700000000000     
  -5.27000000000000        38.3700000000000     
  -5.25000000000000        38.3500000000000     
  -5.23000000000000        38.3700000000000     
  -5.21000000000000        38.3700000000000     
  -5.19000000000000        38.3700000000000     
  -5.19000000000000        38.3500000000000     
  -5.17000000000000        38.3300000000000     
  -5.15000000000000        38.3300000000000     
  -5.13000000000000        38.3300000000000     
  -5.11000000000000        38.3300000000000     
  -5.09000000000000        38.3100000000000     
  -5.07000000000000        38.2900000000000     
  -5.05000000000000        38.3100000000000     
  -5.05000000000000        38.3300000000000     
  -5.03000000000000        38.3500000000000     
  -5.01000000000000        38.3500000000000     
  -4.99000000000000        38.3700000000000     
  -4.97000000000000        38.3700000000000     
  -4.95000000000000        38.3700000000000     
  -4.93000000000000        38.3700000000000     
  -4.91000000000000        38.3500000000000     
  -4.89000000000000        38.3700000000000     
  -4.87000000000000        38.3500000000000     
  -4.85000000000000        38.3500000000000     
  -4.83000000000000        38.3500000000000     
  -4.81000000000000        38.3300000000000     
  -4.79000000000000        38.3100000000000     
  -4.77000000000000        38.3100000000000     
  -4.75000000000000        38.3100000000000     
  -4.73000000000000        38.3300000000000     
  -4.71000000000000        38.3300000000000     
  -4.69000000000000        38.3500000000000     
  -4.67000000000000        38.3300000000000     
  -4.65000000000000        38.3100000000000     
  -4.63000000000000        38.3300000000000     
  -4.61000000000000        38.3300000000000     
  -4.59000000000000        38.3300000000000     
  -4.57000000000000        38.3300000000000     
  -4.55000000000000        38.3300000000000     
  -4.55000000000000        38.3100000000000     
  -4.53000000000000        38.2900000000000     
  -4.51000000000000        38.2900000000000     
  -4.49000000000000        38.2900000000000     
  -4.47000000000000        38.2700000000000     
  -4.45000000000000        38.2900000000000     
  -4.43000000000000        38.2700000000000     
  -4.41000000000000        38.2700000000000     
  -4.39000000000000        38.2900000000000     
  -4.39000000000000        38.3100000000000     
  -4.37000000000000        38.3300000000000     
  -4.37000000000000        38.3500000000000     
  -4.37000000000000        38.3700000000000     
  -4.37000000000000        38.3900000000000     
  -4.37000000000000        38.4100000000000     
  -4.37000000000000        38.4300000000000     
  -4.39000000000000        38.4500000000000     
  -4.41000000000000        38.4700000000000     
  -4.43000000000000        38.4900000000000     
  -4.45000000000000        38.5100000000000     
  -4.47000000000000        38.5300000000000     
  -4.45000000000000        38.5500000000000     
  -4.43000000000000        38.5500000000000     
  -4.43000000000000        38.5700000000000     
  -4.41000000000000        38.5900000000000     
  -4.39000000000000        38.5900000000000     
  -4.37000000000000        38.6100000000000     
  -4.35000000000000        38.6100000000000     
  -4.33000000000000        38.6100000000000     
  -4.33000000000000        38.6300000000000     
  -4.33000000000000        38.6500000000000     
  -4.33000000000000        38.6700000000000     
  -4.33000000000000        38.6900000000000     
  -4.31000000000000        38.7100000000000     
  -4.29000000000000        38.6900000000000     
  -4.27000000000000        38.6900000000000     
  -4.25000000000000        38.6900000000000     
  -4.23000000000000        38.6900000000000     
  -4.21000000000000        38.6900000000000     
  -4.19000000000000        38.6900000000000     
  -4.17000000000000        38.6900000000000     
  -4.15000000000000        38.6900000000000     
  -4.13000000000000        38.6900000000000     
  -4.11000000000000        38.6900000000000     
  -4.09000000000000        38.6900000000000     
  -4.07000000000000        38.6900000000000     
  -4.05000000000001        38.6900000000000     
  -4.03000000000001        38.6900000000000     
  -4.01000000000001        38.6900000000000     
  -3.99000000000001        38.6900000000000     
  -3.97000000000001        38.6900000000000     
  -3.95000000000001        38.6900000000000     
  -3.93000000000001        38.6900000000000     
  -3.91000000000001        38.6900000000000     
  -3.89000000000001        38.6700000000000     
  -3.87000000000001        38.6900000000000     
  -3.85000000000001        38.6900000000000     
  -3.83000000000001        38.6900000000000     
  -3.81000000000001        38.6700000000000     
  -3.79000000000001        38.6500000000000     
  -3.77000000000001        38.6300000000000     
  -3.75000000000001        38.6300000000000     
  -3.73000000000001        38.6500000000000     
  -3.71000000000001        38.6700000000000     
  -3.69000000000001        38.6700000000000     
  -3.67000000000001        38.6500000000000     
  -3.65000000000001        38.6500000000000     
  -3.63000000000001        38.6300000000000     
  -3.61000000000001        38.6100000000000     
  -3.61000000000001        38.5900000000000     
  -3.61000000000001        38.5700000000000     
  -3.59000000000001        38.5500000000000     
  -3.57000000000002        38.5300000000000     
  -3.57000000000002        38.5100000000000     
  -3.55000000000002        38.4900000000000     
  -3.53000000000002        38.4900000000000     
  -3.51000000000002        38.5100000000000     
  -3.49000000000002        38.5100000000000     
  -3.47000000000002        38.5100000000000     
  -3.45000000000002        38.5100000000000     
  -3.43000000000002        38.5100000000000     
  -3.43000000000002        38.5300000000000     
  -3.43000000000002        38.5500000000000     
  -3.41000000000002        38.5700000000000     
  -3.39000000000002        38.5500000000000     
  -3.37000000000002        38.5500000000000     
  -3.35000000000002        38.5300000000000     
  -3.33000000000002        38.5300000000000     
  -3.31000000000002        38.5100000000000     
  -3.29000000000002        38.5100000000000     
  -3.27000000000002        38.5100000000000     
  -3.25000000000002        38.5300000000000     
  -3.23000000000002        38.5300000000000     
  -3.21000000000002        38.5500000000000     
  -3.19000000000002        38.5500000000000     
  -3.19000000000002        38.5700000000000     
  -3.17000000000002        38.5900000000000     
  -3.15000000000002        38.5900000000000     
  -3.13000000000002        38.5900000000000     
  -3.11000000000003        38.6100000000000     
  -3.09000000000003        38.6300000000000     
  -3.07000000000003        38.6300000000000     
  -3.05000000000003        38.6300000000000     
  -3.03000000000003        38.6300000000000     
  -3.01000000000003        38.6300000000000     
  -2.99000000000003        38.6300000000000     
  -2.97000000000003        38.6500000000000     
  -2.95000000000003        38.6500000000000     
  -2.93000000000003        38.6500000000000     
  -2.91000000000003        38.6500000000000     
  -2.89000000000003        38.6700000000000     
  -2.87000000000003        38.6500000000000     
  -2.85000000000003        38.6500000000000     
  -2.83000000000003        38.6300000000000     
  -2.81000000000003        38.6500000000000     
  -2.79000000000003        38.6700000000000     
  -2.77000000000003        38.6700000000000     
  -2.75000000000003        38.6700000000000     
  -2.73000000000003        38.6900000000000     
  -2.71000000000003        38.7100000000000     
  -2.69000000000003        38.7100000000000     
  -2.67000000000003        38.7300000000000     
  -2.65000000000003        38.7300000000000     
  -2.63000000000004        38.7300000000000     
  -2.61000000000004        38.7500000000000     
  -2.59000000000004        38.7500000000000     
  -2.57000000000004        38.7500000000000     
  -2.55000000000004        38.7300000000000     
  -2.53000000000004        38.7300000000000     
  -2.51000000000004        38.7300000000000     
  -2.49000000000004        38.7300000000000     
  -2.49000000000004        38.7500000000000     
  -2.49000000000004        38.7700000000000     
  -2.51000000000004        38.7900000000000     
  -2.49000000000004        38.8100000000000     
  -2.47000000000004        38.8100000000000     
  -2.45000000000004        38.8300000000000     
  -2.45000000000004        38.8500000000000     
  -2.45000000000004        38.8700000000000     
  -2.45000000000004        38.8900000000000     
  -2.47000000000004        38.9100000000000     
  -2.45000000000004        38.9300000000000     
  -2.45000000000004        38.9500000000000     
  -2.43000000000004        38.9700000000000     
  -2.43000000000004        38.9900000000000     
  -2.43000000000004        39.0100000000000     
  -2.43000000000004        39.0300000000000     
  -2.43000000000004        39.0500000000000     
  -2.43000000000004        39.0700000000000     
  -2.43000000000004        39.0900000000000     
  -2.41000000000004        39.1100000000000     
  -2.39000000000004        39.1100000000000     
  -2.37000000000004        39.1300000000000     
  -2.35000000000004        39.1500000000000     
  -2.33000000000004        39.1700000000000     
  -2.33000000000004        39.1900000000000     
  -2.33000000000004        39.2100000000000     
  -2.31000000000004        39.2300000000000     
  -2.29000000000004        39.2500000000000     
  -2.29000000000004        39.2700000000000     
  -2.27000000000004        39.2900000000000     
  -2.25000000000004        39.2900000000000     
  -2.23000000000004        39.2900000000000     
  -2.21000000000004        39.3100000000000     
  -2.19000000000004        39.3100000000000     
  -2.17000000000005        39.3100000000000     
  -2.15000000000005        39.3300000000000     
  -2.13000000000005        39.3500000000000     
  -2.13000000000005        39.3700000000000     
  -2.13000000000005        39.3900000000000     
  -2.13000000000005        39.4100000000000     
  -2.13000000000005        39.4300000000000     
  -2.13000000000005        39.4500000000000     
  -2.15000000000005        39.4700000000000     
  -2.17000000000005        39.4700000000000     
  -2.19000000000004        39.4700000000000     
  -2.19000000000004        39.4900000000000     
  -2.17000000000005        39.5100000000000     
  -2.17000000000005        39.5300000000000     
  -2.19000000000004        39.5500000000000     
  -2.21000000000004        39.5700000000000     
  -2.23000000000004        39.5700000000000     
  -2.25000000000004        39.5900000000000     
  -2.27000000000004        39.6100000000000     
  -2.27000000000004        39.6300000000000     
  -2.29000000000004        39.6500000000000     
  -2.31000000000004        39.6700000000000     
  -2.33000000000004        39.6700000000000     
  -2.35000000000004        39.6700000000000     
  -2.37000000000004        39.6700000000000     
  -2.39000000000004        39.6900000000000     
  -2.41000000000004        39.6900000000000     
  -2.43000000000004        39.6700000000000     
  -2.45000000000004        39.6700000000000     
  -2.45000000000004        39.6900000000000     
  -2.45000000000004        39.7100000000000     
  -2.45000000000004        39.7300000000000     
  -2.45000000000004        39.7500000000000     
  -2.45000000000004        39.7700000000000     
  -2.45000000000004        39.7900000000000     
  -2.47000000000004        39.8100000000000     
  -2.45000000000004        39.8300000000000     
  -2.45000000000004        39.8500000000000     
  -2.45000000000004        39.8700000000000     
  -2.47000000000004        39.8900000000000     
  -2.47000000000004        39.9100000000000     
  -2.45000000000004        39.9300000000000     
  -2.43000000000004        39.9300000000000     
  -2.41000000000004        39.9500000000000     
  -2.39000000000004        39.9700000000000     
  -2.37000000000004        39.9700000000000     
  -2.35000000000004        39.9900000000000     
  -2.35000000000004        40.0100000000000     
  -2.35000000000004        40.0300000000000     
  -2.35000000000004        40.0500000000000     
  -2.35000000000004        40.0700000000000     
  -2.37000000000004        40.0900000000000     
  -2.39000000000004        40.0900000000000     
  -2.41000000000004        40.0900000000000     
  -2.43000000000004        40.0900000000000     
  -2.45000000000004        40.0900000000000     
  -2.47000000000004        40.0900000000000     
  -2.49000000000004        40.0900000000000     
  -2.51000000000004        40.0900000000000     
  -2.53000000000004        40.0900000000000     
  -2.55000000000004        40.0900000000000     
  -2.57000000000004        40.0900000000000     
  -2.59000000000004        40.0900000000000     
  -2.61000000000004        40.0900000000000     
  -2.63000000000004        40.0900000000000     
  -2.65000000000003        40.0900000000000     
  -2.67000000000003        40.0700000000000     
  -2.69000000000003        40.0700000000000     
  -2.71000000000003        40.0900000000000     
  -2.71000000000003        40.1100000000000     
  -2.73000000000003        40.1300000000000     
  -2.75000000000003        40.1500000000000     
  -2.77000000000003        40.1500000000000     
  -2.79000000000003        40.1500000000000     
  -2.81000000000003        40.1500000000000     
  -2.83000000000003        40.1300000000000     
  -2.85000000000003        40.1100000000000     
  -2.87000000000003        40.0900000000000     
  -2.89000000000003        40.0700000000000     
  -2.91000000000003        40.0700000000000     
  -2.93000000000003        40.0700000000000     
  -2.95000000000003        40.0500000000000     
  -2.95000000000003        40.0300000000000     
  -2.97000000000003        40.0100000000000     
  -2.99000000000003        40.0100000000000     
  -3.01000000000003        40.0100000000000     
  -3.03000000000003        39.9900000000000     
  -3.05000000000003        39.9900000000000     
  -3.07000000000003        39.9900000000000     
  -3.09000000000003        39.9700000000000     
  -3.11000000000003        39.9500000000000     
  -3.13000000000002        39.9300000000000     
  -3.13000000000002        39.9100000000000     
  -3.13000000000002        39.8900000000000     
  -3.13000000000002        39.8700000000000     
  -3.15000000000002        39.8700000000000     
  -3.17000000000002        39.8500000000000     
  -3.19000000000002        39.8300000000000     
  -3.21000000000002        39.8300000000000     
  -3.23000000000002        39.8300000000000     
  -3.25000000000002        39.8300000000000     
  -3.27000000000002        39.8100000000000     
  -3.29000000000002        39.7900000000000     
  -3.31000000000002        39.7700000000000     
  -3.33000000000002        39.7500000000000     
  -3.35000000000002        39.7500000000000     
  -3.35000000000002        39.7300000000000     
  -3.35000000000002        39.7100000000000     
  -3.37000000000002        39.6900000000000     
  -3.39000000000002        39.6700000000000     
  -3.37000000000002        39.6500000000000     
  -3.37000000000002        39.6300000000000     
  -3.39000000000002        39.6100000000000     
  -3.41000000000002        39.6100000000000     
  -3.43000000000002        39.6100000000000     
  -3.45000000000002        39.6100000000000     
  -3.47000000000002        39.6100000000000     
  -3.49000000000002        39.6100000000000     
  -3.51000000000002        39.6100000000000     
  -3.53000000000002        39.6100000000000     
  -3.55000000000002        39.6100000000000     
  -3.57000000000002        39.5900000000000     
  -3.57000000000002        39.5700000000000     
  -3.59000000000001        39.5500000000000     
  -3.61000000000001        39.5300000000000     
  -3.63000000000001        39.5300000000000     
  -3.65000000000001        39.5100000000000     
  -3.67000000000001        39.4900000000000     
  -3.67000000000001        39.4700000000000     
  -3.69000000000001        39.4500000000000     
  -3.71000000000001        39.4500000000000     
  -3.73000000000001        39.4300000000000     
  -3.75000000000001        39.4100000000000     
  -3.77000000000001        39.3900000000000     
  -3.77000000000001        39.3700000000000     
  -3.77000000000001        39.3500000000000     
  -3.79000000000001        39.3300000000000     
  -3.79000000000001        39.3100000000000     
  -3.81000000000001        39.3100000000000     
  -3.83000000000001        39.3300000000000     
  -3.85000000000001        39.3500000000000     
  -3.87000000000001        39.3700000000000     
  -3.89000000000001        39.3700000000000     
  -3.91000000000001        39.3700000000000     
  -3.93000000000001        39.3900000000000     
  -3.95000000000001        39.4100000000000     
  -3.97000000000001        39.4100000000000     
  -3.99000000000001        39.4300000000000     
  -4.01000000000001        39.4300000000000     
  -4.01000000000001        39.4500000000000     
  -4.03000000000001        39.4700000000000     
  -4.05000000000001        39.4700000000000     
  -4.07000000000000        39.4700000000000     
  -4.07000000000000        39.4900000000000     
  -4.07000000000000        39.5100000000000     
  -4.07000000000000        39.5300000000000     
  -4.07000000000000        39.5500000000000     
  -4.09000000000000        39.5700000000000     
  -4.11000000000000        39.5700000000000     
  -4.13000000000000        39.5700000000000     
  -4.15000000000000        39.5700000000000     
  -4.17000000000000        39.5700000000000     
  -4.19000000000000        39.5700000000000     
  -4.21000000000000        39.5700000000000     
  -4.23000000000000        39.5500000000000     
  -4.25000000000000        39.5300000000000     
  -4.25000000000000        39.5100000000000     
  -4.27000000000000        39.5100000000000     
  -4.29000000000000        39.5100000000000     
  -4.31000000000000        39.5300000000000     
  -4.33000000000000        39.5300000000000     
  -4.35000000000000        39.5300000000000     
  -4.37000000000000        39.5300000000000     
  -4.39000000000000        39.5300000000000     
  -4.41000000000000        39.5300000000000     
  -4.43000000000000        39.5300000000000     
  -4.45000000000000        39.5500000000000     
  -4.47000000000000        39.5700000000000     
  -4.49000000000000        39.5700000000000     
  -4.51000000000000        39.5700000000000     
  -4.53000000000000        39.5900000000000     
  -4.55000000000000        39.5900000000000     
  -4.57000000000000        39.5900000000000     
  -4.59000000000000        39.5900000000000     
  -4.61000000000000        39.5900000000000     
  -4.63000000000000        39.5700000000000     
  -4.63000000000000        39.5500000000000     
  -4.65000000000000        39.5500000000000     
  -4.67000000000000        39.5500000000000     
  -4.69000000000000        39.5700000000000     
  -4.71000000000000        39.5700000000000     
  -4.73000000000000        39.5700000000000     
  -4.73000000000000        39.5900000000000     
  -4.75000000000000        39.6100000000000     
  -4.77000000000000        39.6100000000000     
  -4.79000000000000        39.5900000000000     
  -4.79000000000000        39.5700000000000     
  -4.81000000000000        39.5500000000000     
  -4.83000000000000        39.5500000000000     
  -4.85000000000000        39.5500000000000     
  -4.87000000000000        39.5700000000000     
  -4.89000000000000        39.5700000000000     
  -4.91000000000000        39.5500000000000     
  -4.93000000000000        39.5500000000000     
  -4.95000000000000        39.5500000000000     
  -4.97000000000000        39.5300000000000     
  -4.97000000000000        39.5100000000000     
  -4.99000000000000        39.5100000000000     
  -5.01000000000000        39.5100000000000     
  -5.03000000000000        39.5100000000000     
  -5.05000000000000        39.5100000000000     
  -5.07000000000000        39.5100000000000     
  -5.09000000000000        39.5100000000000     
  -5.11000000000000        39.5300000000000     
  -5.13000000000000        39.5500000000000     
  -5.15000000000000        39.5700000000000     
  -5.17000000000000        39.5700000000000     
  -5.19000000000000        39.5700000000000     
  -5.21000000000000        39.5900000000000     
  -5.23000000000000        39.6100000000000     
  -5.25000000000000        39.6100000000000     
  -5.27000000000000        39.6100000000000     
  -5.29000000000000        39.5900000000000     
  -5.29000000000000        39.5700000000000     
  -5.29000000000000        39.5500000000000     
  -5.29000000000000        39.5300000000000     
  -5.29000000000000        39.5100000000000     
  -5.31000000000000        39.5100000000000     
  -5.33000000000000        39.4900000000000     
  -5.35000000000000        39.4900000000000     
  -5.37000000000000        39.4900000000000     
  -5.39000000000000        39.4700000000000     
  -5.41000000000000        39.4700000000000     
  -5.43000000000000        39.4500000000000     
  -5.43000000000000        39.4300000000000     
  -5.43000000000000        39.4100000000000     
  -5.45000000000000        39.4100000000000     
  -5.47000000000000        39.4100000000000     
  -5.49000000000000        39.4100000000000     
  -5.51000000000000        39.4100000000000     
  -5.53000000000000        39.4100000000000     
  -5.55000000000000        39.3900000000000     
  -5.57000000000000        39.3900000000000     
  -5.59000000000000        39.3900000000000     
  -5.61000000000000        39.3900000000000     
  -5.63000000000000        39.3700000000000     
  -5.65000000000000        39.3700000000000     
  -5.67000000000000        39.3500000000000     
  -5.69000000000000        39.3500000000000     
  -5.69000000000000        39.3700000000000     
  -5.69000000000000        39.3900000000000     
  -5.71000000000000        39.4100000000000     
  -5.73000000000000        39.4100000000000     
  -5.75000000000000        39.4100000000000     
  -5.77000000000000        39.4100000000000     
  -5.79000000000000        39.4100000000000     
  -5.81000000000000        39.4100000000000     
  -5.83000000000000        39.4100000000000     
  -5.85000000000000        39.3900000000000     
  -5.85000000000000        39.3700000000000     
  -5.87000000000000        39.3500000000000     
  -5.89000000000000        39.3300000000000     
  -5.91000000000000        39.3300000000000     
  -5.93000000000000        39.3100000000000     
  -5.93000000000000        39.2900000000000     
  -5.95000000000000        39.2900000000000     
  -5.97000000000000        39.2900000000000     
  -5.99000000000000        39.2700000000000     
  -6.01000000000000        39.2500000000000     
  -6.03000000000000        39.2300000000000     
  -6.05000000000000        39.2300000000000     
  -6.07000000000000        39.2300000000000     
  -6.09000000000000        39.2300000000000     
  -6.11000000000000        39.2100000000000     
  -6.13000000000000        39.2100000000000     
  -6.15000000000000        39.2300000000000     
  -6.17000000000000        39.2500000000000     
  -6.19000000000000        39.2500000000000     
  -6.21000000000000        39.2300000000000     
  -6.21000000000000        39.2100000000000     
  -6.23000000000000        39.1900000000000     
  -6.23000000000000        39.1700000000000     
  -6.25000000000000        39.1700000000000     
  -6.27000000000000        39.1700000000000     
  -6.29000000000000        39.1700000000000     
  -6.31000000000000        39.1700000000000     
  -6.33000000000000        39.1900000000000     
  -6.35000000000000        39.1900000000000     
  -6.37000000000000        39.2100000000000     
  -6.39000000000000        39.2300000000000     
  -6.39000000000000        39.2500000000000     
  -6.41000000000000        39.2700000000000     
  -6.43000000000000        39.2700000000000     
  -6.45000000000000        39.2700000000000     
  -6.47000000000000        39.2700000000000     
  -6.49000000000000        39.2700000000000     
  -6.51000000000000        39.2900000000000     
  -6.53000000000000        39.2900000000000     
  -6.55000000000000        39.3100000000000     
  -6.57000000000000        39.3300000000000     
  -6.59000000000000        39.3500000000000     
  -6.61000000000000        39.3500000000000     
  -6.63000000000000        39.3700000000000     
  -6.65000000000000        39.3700000000000     
  -6.67000000000000        39.3700000000000     
  -6.69000000000000        39.3700000000000     
  -6.71000000000000        39.3900000000000     
  -6.73000000000000        39.4100000000000     
  -6.75000000000000        39.3900000000000     
  -6.77000000000000        39.3900000000000     
  -6.79000000000000        39.3900000000000     
  -6.81000000000000        39.3900000000000     
  -6.83000000000000        39.3900000000000     
  -6.85000000000000        39.3700000000000     
  -6.87000000000000        39.3700000000000     
  -6.89000000000000        39.3700000000000     
  -6.91000000000000        39.3700000000000     
  -6.93000000000000        39.3900000000000     
  -6.95000000000000        39.3900000000000     
  -6.97000000000000        39.3900000000000     
  -6.99000000000000        39.4100000000000     
  -7.01000000000000        39.4100000000000     
  -7.03000000000000        39.4100000000000     
  -7.05000000000000        39.4100000000000     
  -7.07000000000000        39.3900000000000     
  -7.09000000000000        39.3700000000000     
  -7.11000000000000        39.3500000000000     
  -7.13000000000000        39.3500000000000     
  -7.15000000000000        39.3500000000000     
  -7.17000000000000        39.3700000000000     
  -7.19000000000000        39.3500000000000     
  -7.21000000000000        39.3500000000000     
  -7.23000000000000        39.3500000000000     
  -7.25000000000000        39.3300000000000     
  -7.27000000000000        39.3300000000000     
  -7.29000000000000        39.3300000000000     
  -7.31000000000000        39.3300000000000     
  -7.33000000000000        39.3500000000000     
  -7.35000000000000        39.3300000000000     
  -7.37000000000000        39.3300000000000     
  -7.39000000000000        39.3100000000000     
  -7.39000000000000        39.2900000000000     
  -7.39000000000000        39.2700000000000     
  -7.39000000000000        39.2500000000000     
  -7.39000000000000        39.2300000000000     
  -7.41000000000000        39.2100000000000     
  -7.41000000000000        39.1900000000000     
  -7.39000000000000        39.1700000000000     
  -7.39000000000000        39.1500000000000     
  -7.37000000000000        39.1300000000000     
  -7.35000000000000        39.1100000000000     
  -7.33000000000000        39.1100000000000     
  -7.33000000000000        39.0900000000000     
  -7.35000000000000        39.0700000000000     
  -7.37000000000000        39.0500000000000     
  -7.35000000000000        39.0300000000000     
  -7.35000000000000        39.0100000000000     
  -7.35000000000000        38.9900000000000     
  -7.33000000000000        38.9700000000000     
  -7.33000000000000        38.9500000000000     
  -7.31000000000000        38.9300000000000     
  -7.31000000000000        38.9100000000000     
  -7.31000000000000        38.8900000000000     
  -7.33000000000000        38.8900000000000     
  -7.35000000000000        38.8900000000000     
  -7.37000000000000        38.8900000000000     
  -7.39000000000000        38.8700000000000     
  -7.41000000000000        38.8700000000000     
  -7.43000000000000        38.8500000000000     
  -7.45000000000000        38.8500000000000     
  -7.47000000000000        38.8300000000000     
  -7.49000000000000        38.8300000000000     
  -7.51000000000000        38.8300000000000     
  -7.53000000000000        38.8100000000000     
  -7.55000000000000        38.7900000000000     
  -7.55000000000000        38.7700000000000     
  -7.55000000000000        38.7500000000000     
  -7.55000000000000        38.7300000000000     
  -7.57000000000000        38.7300000000000     
  -7.59000000000000        38.7300000000000     
  -7.61000000000000        38.7300000000000     
  -7.63000000000000        38.7300000000000     
  -7.65000000000000        38.7300000000000     
  -7.67000000000000        38.7500000000000     
  -7.69000000000000        38.7500000000000     
  -7.71000000000000        38.7500000000000     
  -7.73000000000000        38.7700000000000     
  -7.75000000000000        38.7700000000000     
  -7.77000000000000        38.7500000000000     
  -7.77000000000000        38.7300000000000     
  -7.79000000000000        38.7300000000000     
  -7.81000000000000        38.7300000000000     
  -7.83000000000000        38.7300000000000     
  -7.85000000000000        38.7100000000000     
  -7.87000000000000        38.6900000000000     
  -7.89000000000000        38.6700000000000     
  -7.91000000000000        38.6700000000000     
  -7.93000000000000        38.6500000000000     
  -7.95000000000000        38.6300000000000     
  -7.95000000000000        38.6100000000000     
  -7.93000000000000        38.5900000000000     
  -7.91000000000000        38.5900000000000     
  -7.89000000000000        38.5900000000000     
  -7.87000000000000        38.5700000000000     
  -7.85000000000000        38.5500000000000     
  -7.83000000000000        38.5500000000000     
  -7.83000000000000        38.5300000000000     
  -7.85000000000000        38.5100000000000     
  -7.85000000000000        38.4900000000000     
  -7.87000000000000        38.4900000000000     
  -7.89000000000000        38.4700000000000     
  -7.89000000000000        38.4500000000000     
  -7.89000000000000        38.4300000000000     
  -7.87000000000000        38.4100000000000     
  -7.87000000000000        38.3900000000000     
  -7.85000000000000        38.3700000000000     
  -7.83000000000000        38.3700000000000     
  -7.81000000000000        38.3700000000000     
  -7.79000000000000        38.3500000000000     
  -7.77000000000000        38.3500000000000     
  -7.75000000000000        38.3300000000000     
  -7.73000000000000        38.3300000000000     
  -7.71000000000000        38.3300000000000     
  -7.71000000000000        38.3100000000000     
  -7.71000000000000        38.2900000000000     
  -7.71000000000000        38.2700000000000     
  -7.71000000000000        38.2500000000000     
  -7.73000000000000        38.2500000000000     
  -7.75000000000000        38.2500000000000     
  -7.77000000000000        38.2500000000000     
  -7.79000000000000        38.2500000000000     
  -7.81000000000000        38.2500000000000     
  -7.83000000000000        38.2500000000000     
  -7.85000000000000        38.2300000000000     
  -7.85000000000000        38.2100000000000     
  -7.87000000000000        38.2100000000000     
  -7.89000000000000        38.1900000000000     
  -7.91000000000000        38.1700000000000     
  -7.91000000000000        38.1500000000000     
  -7.93000000000000        38.1300000000000     
  -7.93000000000000        38.1100000000000     
  -7.93000000000000        38.0900000000000     
  -7.91000000000000        38.0700000000000     
  -7.91000000000000        38.0500000000000     
  -7.91000000000000        38.0300000000000     
  -7.89000000000000        38.0100000000000     
  -7.87000000000000        38.0100000000000     
  -7.87000000000000        37.9900000000000     
  -7.89000000000000        37.9700000000000     
  -7.89000000000000        37.9500000000000     
  -7.91000000000000        37.9300000000000     
  -7.93000000000000        37.9300000000000     
  -7.95000000000000        37.9100000000000     
  -7.97000000000000        37.8900000000000     
  -7.99000000000000        37.8700000000000     
  -8.01000000000000        37.8500000000000     
  -8.01000000000000        37.8300000000000     
  -8.01000000000000        37.8100000000000     
  -8.03000000000000        37.8100000000000     
  -8.05000000000000        37.8100000000000     
  -8.07000000000000        37.8100000000000     
  -8.09000000000000        37.8100000000000     
  -8.11000000000000        37.7900000000000     
  -8.13000000000000        37.7700000000000     
  -8.15000000000000        37.7500000000000     
  -8.15000000000000        37.7300000000000     
  -8.15000000000000        37.7100000000000     
  -8.15000000000000        37.6900000000000     
  -8.17000000000000        37.6700000000000     
  -8.17000000000000        37.6500000000000     
  -8.17000000000000        37.6300000000000     
  -8.15000000000000        37.6100000000000     
  -8.15000000000000        37.5900000000000     
  -8.13000000000000        37.5700000000000     
  -8.11000000000000        37.5500000000000     
  -8.11000000000000        37.5300000000000     
  -8.11000000000000        37.5100000000000     
  -8.11000000000000        37.4900000000000     
  -8.09000000000000        37.4700000000000     
  -8.09000000000000        37.4500000000000     
  -8.09000000000000        37.4300000000000     
  -8.09000000000000        37.4100000000000     
  -8.09000000000000        37.3900000000000     
  -8.07000000000000        37.3700000000000     
  -8.07000000000000        37.3500000000000     
  -8.09000000000000        37.3300000000000     
  -8.07000000000000        37.3100000000000     
  -8.05000000000000        37.2900000000000     
  -8.03000000000000        37.3100000000000     
  -8.01000000000000        37.3100000000000     
  -7.99000000000000        37.2900000000000     
  -7.97000000000000        37.2900000000000     
  -7.95000000000000        37.2700000000000     
  -7.93000000000000        37.2900000000000     
  -7.91000000000000        37.3100000000000     
  -7.91000000000000        37.3300000000000     
  -7.91000000000000        37.3500000000000     
  -7.89000000000000        37.3700000000000     
  -7.87000000000000        37.3700000000000     
  -7.87000000000000        37.3900000000000     
  -7.85000000000000        37.4100000000000     
  -7.83000000000000        37.4100000000000     
  -7.81000000000000        37.4300000000000     
  -7.79000000000000        37.4300000000000     
  -7.77000000000000        37.4300000000000     
  -7.75000000000000        37.4500000000000     
  -7.73000000000000        37.4500000000000     
  -7.71000000000000        37.4500000000000     
  -7.69000000000000        37.4500000000000     
  -7.67000000000000        37.4500000000000     
  -7.65000000000000        37.4500000000000     
  -7.63000000000000        37.4500000000000     
  -7.61000000000000        37.4500000000000     
  -7.59000000000000        37.4500000000000     
  -7.57000000000000        37.4700000000000     
  -7.55000000000000        37.4700000000000     
  -7.53000000000000        37.4900000000000     
  -7.51000000000000        37.4900000000000     
  -7.49000000000000        37.5100000000000     
 <endpolygon>
