PROJ4_STRING : +proj=longlat +datum=WGS84 +no_defs
 <beginpolygon>
  -8.78541000000000        37.7176780000000     
  -8.79041000000000        37.7226780000000     
  -8.78541000000000        37.7276780000000     
  -8.78041000000000        37.7326780000000     
  -8.77541000000000        37.7376780000000     
  -8.77541000000000        37.7426780000000     
  -8.77541000000000        37.7476780000000     
  -8.77041000000000        37.7526780000000     
  -8.76541000000000        37.7576780000000     
  -8.76541000000000        37.7626780000000     
  -8.76541000000000        37.7676780000000     
  -8.76041000000000        37.7726780000000     
  -8.76041000000000        37.7776780000000     
  -8.75541000000000        37.7826780000000     
  -8.75041000000000        37.7876780000000     
  -8.74541000000000        37.7876780000000     
  -8.74041000000000        37.7876780000000     
  -8.73541000000000        37.7876780000000     
  -8.73041000000000        37.7926780000000     
  -8.72541000000000        37.7926780000000     
  -8.72041000000000        37.7976780000000     
  -8.71541000000000        37.7926780000000     
  -8.71041000000000        37.7926780000000     
  -8.70541000000000        37.7876780000000     
  -8.70041000000000        37.7826780000000     
  -8.69541000000000        37.7776780000000     
  -8.69541000000000        37.7726780000000     
  -8.69541000000000        37.7676780000000     
  -8.69041000000000        37.7626780000000     
  -8.68541000000000        37.7626780000000     
  -8.68041000000000        37.7676780000000     
  -8.67541000000000        37.7676780000000     
  -8.67041000000000        37.7726780000000     
  -8.66541000000000        37.7726780000000     
  -8.66041000000000        37.7776780000000     
  -8.65541000000000        37.7826780000000     
  -8.65041000000000        37.7826780000000     
  -8.64541000000000        37.7826780000000     
  -8.64041000000000        37.7826780000000     
  -8.63541000000000        37.7876780000000     
  -8.63041000000000        37.7926780000000     
  -8.62541000000000        37.7926780000000     
  -8.62041000000000        37.7926780000000     
  -8.61541000000000        37.7976780000000     
  -8.61041000000000        37.7976780000000     
  -8.61041000000000        37.7926780000000     
  -8.60541000000000        37.7876780000000     
  -8.60041000000000        37.7876780000000     
  -8.60041000000000        37.7826780000000     
  -8.60041000000000        37.7776780000000     
  -8.59541000000000        37.7726780000000     
  -8.59041000000000        37.7676780000000     
  -8.58541000000000        37.7626780000000     
  -8.58041000000000        37.7626780000000     
  -8.57541000000000        37.7626780000000     
  -8.57541000000000        37.7576780000000     
  -8.57041000000000        37.7526780000000     
  -8.57041000000000        37.7476780000000     
  -8.56541000000000        37.7426780000000     
  -8.56041000000000        37.7376780000000     
  -8.55541000000000        37.7376780000000     
  -8.55041000000000        37.7326780000000     
  -8.54541000000000        37.7326780000000     
  -8.54041000000000        37.7376780000000     
  -8.53541000000000        37.7426780000000     
  -8.53041000000000        37.7476780000000     
  -8.52541000000000        37.7476780000000     
  -8.52541000000000        37.7426780000000     
  -8.52541000000000        37.7376780000000     
  -8.53041000000000        37.7326780000000     
  -8.52541000000000        37.7276780000000     
  -8.52541000000000        37.7226780000000     
  -8.52541000000000        37.7176780000000     
  -8.52041000000000        37.7126780000000     
  -8.51541000000000        37.7076780000000     
  -8.51041000000000        37.7076780000000     
  -8.50541000000000        37.7026780000000     
  -8.50041000000000        37.7026780000000     
  -8.49541000000000        37.7026780000000     
  -8.49041000000000        37.6976780000000     
  -8.49041000000000        37.6926780000000     
  -8.48541000000000        37.6876780000000     
  -8.48041000000000        37.6876780000000     
  -8.47541000000000        37.6826780000000     
  -8.47541000000000        37.6776780000000     
  -8.47041000000000        37.6726780000000     
  -8.47041000000000        37.6676780000000     
  -8.46541000000000        37.6626780000000     
  -8.46541000000000        37.6576780000000     
  -8.46041000000000        37.6526780000000     
  -8.45541000000000        37.6526780000000     
  -8.45041000000000        37.6526780000000     
  -8.44541000000000        37.6576780000000     
  -8.44041000000000        37.6576780000000     
  -8.43541000000000        37.6526780000000     
  -8.43041000000000        37.6526780000000     
  -8.42541000000000        37.6526780000000     
  -8.42041000000000        37.6526780000000     
  -8.41541000000000        37.6526780000000     
  -8.41541000000000        37.6476780000000     
  -8.41041000000000        37.6426780000000     
  -8.40541000000000        37.6376780000000     
  -8.40041000000000        37.6326780000000     
  -8.39541000000000        37.6276780000000     
  -8.39041000000000        37.6226780000000     
  -8.38541000000000        37.6276780000000     
  -8.38041000000000        37.6276780000000     
  -8.37541000000000        37.6326780000000     
  -8.37041000000000        37.6276780000000     
  -8.36541000000000        37.6276780000000     
  -8.36041000000000        37.6276780000000     
  -8.35541000000000        37.6276780000000     
  -8.35041000000000        37.6276780000000     
  -8.34541000000000        37.6276780000000     
  -8.34041000000000        37.6326780000000     
  -8.33541000000000        37.6326780000000     
  -8.33041000000000        37.6326780000000     
  -8.32541000000000        37.6326780000000     
  -8.32041000000000        37.6376780000000     
  -8.31541000000000        37.6326780000000     
  -8.31041000000000        37.6326780000000     
  -8.30541000000000        37.6326780000000     
  -8.30041000000000        37.6276780000000     
  -8.29541000000000        37.6226780000000     
  -8.29041000000000        37.6176780000000     
  -8.28541000000000        37.6126780000000     
  -8.28041000000000        37.6126780000000     
  -8.27541000000000        37.6126780000000     
  -8.27041000000000        37.6076780000000     
  -8.27041000000000        37.6026780000000     
  -8.26541000000000        37.5976780000000     
  -8.26041000000000        37.5976780000000     
  -8.25541000000000        37.5976780000000     
  -8.25041000000000        37.5976780000000     
  -8.24541000000000        37.6026780000000     
  -8.24041000000000        37.6076780000000     
  -8.23541000000000        37.6076780000000     
  -8.23041000000000        37.6076780000000     
  -8.22541000000000        37.6126780000000     
  -8.22041000000000        37.6126780000000     
  -8.21541000000000        37.6176780000000     
  -8.21041000000000        37.6226780000000     
  -8.20541000000000        37.6226780000000     
  -8.20041000000000        37.6176780000000     
  -8.19541000000000        37.6226780000000     
  -8.19041000000000        37.6226780000000     
  -8.18541000000000        37.6226780000000     
  -8.18041000000000        37.6176780000000     
  -8.17541000000000        37.6176780000000     
  -8.17041000000000        37.6176780000000     
  -8.17041000000000        37.6126780000000     
  -8.16541000000000        37.6076780000000     
  -8.16541000000000        37.6026780000000     
  -8.16541000000000        37.5976780000000     
  -8.16041000000000        37.5926780000000     
  -8.15541000000000        37.5876780000000     
  -8.15541000000000        37.5826780000000     
  -8.15541000000000        37.5776780000000     
  -8.15041000000000        37.5726780000000     
  -8.14541000000000        37.5726780000000     
  -8.14041000000000        37.5726780000000     
  -8.13541000000000        37.5676780000000     
  -8.13041000000000        37.5626780000000     
  -8.13041000000000        37.5576780000000     
  -8.12541000000000        37.5526780000000     
  -8.12041000000000        37.5526780000000     
  -8.12041000000000        37.5476780000000     
  -8.11541000000000        37.5426780000000     
  -8.11041000000000        37.5426780000000     
  -8.11041000000000        37.5376780000000     
  -8.10541000000000        37.5326780000000     
  -8.10041000000000        37.5326780000000     
  -8.10041000000000        37.5276780000000     
  -8.10541000000000        37.5226780000000     
  -8.10541000000000        37.5176780000000     
  -8.11041000000000        37.5126780000000     
  -8.11041000000000        37.5076780000000     
  -8.11041000000000        37.5026780000000     
  -8.10541000000000        37.4976780000000     
  -8.10541000000000        37.4926780000000     
  -8.10041000000000        37.4876780000000     
  -8.09541000000000        37.4876780000000     
  -8.09541000000000        37.4826780000000     
  -8.09041000000000        37.4776780000000     
  -8.09041000000000        37.4726780000000     
  -8.09541000000000        37.4676780000000     
  -8.09541000000000        37.4626780000000     
  -8.10041000000000        37.4576780000000     
  -8.10041000000000        37.4526780000000     
  -8.10041000000000        37.4476780000000     
  -8.10041000000000        37.4426780000000     
  -8.09541000000000        37.4376780000000     
  -8.09541000000000        37.4326780000000     
  -8.09041000000000        37.4276780000000     
  -8.08541000000000        37.4226780000000     
  -8.08041000000000        37.4176780000000     
  -8.08041000000000        37.4126780000000     
  -8.07541000000000        37.4076780000000     
  -8.07541000000000        37.4026780000000     
  -8.08041000000000        37.3976780000000     
  -8.07541000000000        37.3926780000000     
  -8.07541000000000        37.3876780000000     
  -8.07541000000000        37.3826780000000     
  -8.07541000000000        37.3776780000000     
  -8.08041000000000        37.3776780000000     
  -8.08541000000000        37.3776780000000     
  -8.09041000000000        37.3826780000000     
  -8.09541000000000        37.3826780000000     
  -8.10041000000000        37.3876780000000     
  -8.10541000000000        37.3876780000000     
  -8.10541000000000        37.3926780000000     
  -8.10541000000000        37.3976780000000     
  -8.11041000000000        37.4026780000000     
  -8.11541000000000        37.4026780000000     
  -8.12041000000000        37.4076780000000     
  -8.12541000000000        37.4076780000000     
  -8.13041000000000        37.4126780000000     
  -8.13541000000000        37.4176780000000     
  -8.14041000000000        37.4176780000000     
  -8.14041000000000        37.4226780000000     
  -8.14041000000000        37.4276780000000     
  -8.14541000000000        37.4326780000000     
  -8.14541000000000        37.4376780000000     
  -8.15041000000000        37.4426780000000     
  -8.15541000000000        37.4426780000000     
  -8.16041000000000        37.4476780000000     
  -8.16541000000000        37.4476780000000     
  -8.17041000000000        37.4476780000000     
  -8.17541000000000        37.4476780000000     
  -8.18041000000000        37.4476780000000     
  -8.18541000000000        37.4526780000000     
  -8.19041000000000        37.4576780000000     
  -8.19541000000000        37.4576780000000     
  -8.20041000000000        37.4576780000000     
  -8.20541000000000        37.4576780000000     
  -8.21041000000000        37.4576780000000     
  -8.21541000000000        37.4526780000000     
  -8.21541000000000        37.4476780000000     
  -8.21541000000000        37.4426780000000     
  -8.22041000000000        37.4426780000000     
  -8.22541000000000        37.4426780000000     
  -8.23041000000000        37.4426780000000     
  -8.23541000000000        37.4476780000000     
  -8.24041000000000        37.4476780000000     
  -8.24541000000000        37.4476780000000     
  -8.25041000000000        37.4476780000000     
  -8.25541000000000        37.4476780000000     
  -8.26041000000000        37.4476780000000     
  -8.26541000000000        37.4426780000000     
  -8.27041000000000        37.4376780000000     
  -8.27541000000000        37.4376780000000     
  -8.28041000000000        37.4326780000000     
  -8.28541000000000        37.4326780000000     
  -8.29041000000000        37.4326780000000     
  -8.29541000000000        37.4326780000000     
  -8.30041000000000        37.4326780000000     
  -8.30541000000000        37.4326780000000     
  -8.31041000000000        37.4326780000000     
  -8.31541000000000        37.4326780000000     
  -8.32041000000000        37.4326780000000     
  -8.32541000000000        37.4326780000000     
  -8.33041000000000        37.4326780000000     
  -8.33541000000000        37.4326780000000     
  -8.34041000000000        37.4326780000000     
  -8.34541000000000        37.4326780000000     
  -8.35041000000000        37.4276780000000     
  -8.35541000000000        37.4276780000000     
  -8.36041000000000        37.4276780000000     
  -8.36541000000000        37.4276780000000     
  -8.37041000000000        37.4226780000000     
  -8.37541000000000        37.4226780000000     
  -8.38041000000000        37.4226780000000     
  -8.38541000000000        37.4276780000000     
  -8.39041000000000        37.4276780000000     
  -8.39541000000000        37.4276780000000     
  -8.40041000000000        37.4226780000000     
  -8.40541000000000        37.4226780000000     
  -8.41041000000000        37.4226780000000     
  -8.41541000000000        37.4176780000000     
  -8.41541000000000        37.4126780000000     
  -8.41541000000000        37.4076780000000     
  -8.42041000000000        37.4026780000000     
  -8.42041000000000        37.3976780000000     
  -8.42041000000000        37.3926780000000     
  -8.42041000000000        37.3876780000000     
  -8.42541000000000        37.3876780000000     
  -8.43041000000000        37.3826780000000     
  -8.43541000000000        37.3826780000000     
  -8.44041000000000        37.3776780000000     
  -8.44541000000000        37.3726780000000     
  -8.45041000000000        37.3726780000000     
  -8.45541000000000        37.3726780000000     
  -8.46041000000000        37.3726780000000     
  -8.46541000000000        37.3776780000000     
  -8.47041000000000        37.3776780000000     
  -8.47541000000000        37.3776780000000     
  -8.48041000000000        37.3776780000000     
  -8.48541000000000        37.3826780000000     
  -8.49041000000000        37.3876780000000     
  -8.49541000000000        37.3826780000000     
  -8.50041000000000        37.3826780000000     
  -8.50541000000000        37.3826780000000     
  -8.51041000000000        37.3776780000000     
  -8.51541000000000        37.3776780000000     
  -8.52041000000000        37.3776780000000     
  -8.52541000000000        37.3826780000000     
  -8.53041000000000        37.3826780000000     
  -8.53541000000000        37.3826780000000     
  -8.54041000000000        37.3826780000000     
  -8.54541000000000        37.3876780000000     
  -8.55041000000000        37.3926780000000     
  -8.55041000000000        37.3976780000000     
  -8.55541000000000        37.4026780000000     
  -8.56041000000000        37.4026780000000     
  -8.56541000000000        37.4076780000000     
  -8.57041000000000        37.4076780000000     
  -8.57541000000000        37.4076780000000     
  -8.58041000000000        37.4126780000000     
  -8.58541000000000        37.4176780000000     
  -8.59041000000000        37.4226780000000     
  -8.59541000000000        37.4276780000000     
  -8.60041000000000        37.4276780000000     
  -8.60541000000000        37.4326780000000     
  -8.61041000000000        37.4326780000000     
  -8.61541000000000        37.4376780000000     
  -8.62041000000000        37.4426780000000     
  -8.62541000000000        37.4426780000000     
  -8.63041000000000        37.4426780000000     
  -8.63541000000000        37.4426780000000     
  -8.64041000000000        37.4426780000000     
  -8.64541000000000        37.4426780000000     
  -8.65041000000000        37.4426780000000     
  -8.65041000000000        37.4476780000000     
  -8.65041000000000        37.4526780000000     
  -8.65541000000000        37.4576780000000     
  -8.65541000000000        37.4626780000000     
  -8.66041000000000        37.4676780000000     
  -8.66541000000000        37.4676780000000     
  -8.67041000000000        37.4726780000000     
  -8.67541000000000        37.4726780000000     
  -8.68041000000000        37.4776780000000     
  -8.68541000000000        37.4776780000000     
  -8.69041000000000        37.4776780000000     
  -8.69041000000000        37.4826780000000     
  -8.69541000000000        37.4876780000000     
  -8.70041000000000        37.4926780000000     
  -8.70541000000000        37.4926780000000     
  -8.71041000000000        37.4926780000000     
  -8.71541000000000        37.4976780000000     
  -8.72041000000000        37.4976780000000     
  -8.72041000000000        37.5026780000000     
  -8.72041000000000        37.5076780000000     
  -8.71541000000000        37.5126780000000     
  -8.71041000000000        37.5176780000000     
  -8.71541000000000        37.5226780000000     
  -8.72041000000000        37.5276780000000     
  -8.72541000000000        37.5326780000000     
  -8.73041000000000        37.5326780000000     
  -8.73541000000000        37.5376780000000     
  -8.73541000000000        37.5426780000000     
  -8.74041000000000        37.5476780000000     
  -8.74541000000000        37.5526780000000     
  -8.75041000000000        37.5576780000000     
  -8.75541000000000        37.5626780000000     
  -8.75541000000000        37.5676780000000     
  -8.76041000000000        37.5726780000000     
  -8.76541000000000        37.5776780000000     
  -8.76541000000000        37.5826780000000     
  -8.76541000000000        37.5876780000000     
  -8.76041000000000        37.5926780000000     
  -8.75541000000000        37.5976780000000     
  -8.75041000000000        37.6026780000000     
  -8.74541000000000        37.6076780000000     
  -8.74041000000000        37.6076780000000     
  -8.73541000000000        37.6126780000000     
  -8.73041000000000        37.6176780000000     
  -8.73041000000000        37.6226780000000     
  -8.73041000000000        37.6276780000000     
  -8.73041000000000        37.6326780000000     
  -8.73041000000000        37.6376780000000     
  -8.73041000000000        37.6426780000000     
  -8.73541000000000        37.6476780000000     
  -8.73541000000000        37.6526780000000     
  -8.73541000000000        37.6576780000000     
  -8.73541000000000        37.6626780000000     
  -8.73541000000000        37.6676780000000     
  -8.74041000000000        37.6726780000000     
  -8.74541000000000        37.6726780000000     
  -8.75041000000000        37.6776780000000     
  -8.75041000000000        37.6826780000000     
  -8.75541000000000        37.6876780000000     
  -8.75541000000000        37.6926780000000     
  -8.76041000000000        37.6976780000000     
  -8.76041000000000        37.7026780000000     
  -8.76541000000000        37.7076780000000     
  -8.77041000000000        37.7076780000000     
  -8.77541000000000        37.7126780000000     
  -8.78041000000000        37.7126780000000     
  -8.78541000000000        37.7176780000000     
 <endpolygon>
